0 0.14375 0.7421875 0.0453125 0.06875
3 0.1921875 0.740625 0.0453125 0.06875
6 0.2421875 0.7421875 0.046875 0.0671875
12 0.2921875 0.740625 0.046875 0.0671875
15 0.340625 0.740625 0.046875 0.0703125
18 0.3890625 0.740625 0.0453125 0.06875
18 0.4375 0.7421875 0.04375 0.071875
21 0.4875 0.740625 0.046875 0.06875
21 0.5375 0.7390625 0.046875 0.06875
24 0.584375 0.7390625 0.046875 0.06875
13 0.634375 0.740625 0.0453125 0.0671875
16 0.6828125 0.740625 0.0453125 0.0703125
16 0.73125 0.7390625 0.046875 0.071875
31 0.4171875 0.5171875 0.028125 0.0296875
29 0.4484375 0.5171875 0.0265625 0.028125
27 0.4828125 0.5171875 0.025 0.0296875
26 0.5140625 0.5171875 0.028125 0.028125
33 0.546875 0.5171875 0.0296875 0.0296875
32 0.578125 0.51875 0.0265625 0.0265625
8 0.4171875 0.5484375 0.028125 0.03125
30 0.4484375 0.55 0.0296875 0.0328125
8 0.48125 0.55 0.0296875 0.034375
0 0.03125 0.2671875 0.0265625 0.040625
9 0.0796875 0.634375 0.0421875 0.0375
9 0.0765625 0.6671875 0.0484375 0.028125
9 0.0671875 0.7015625 0.0578125 0.040625
3 0.209375 0.2875 0.0390625 0.0171875
12 0.20625 0.3046875 0.0390625 0.015625
15 0.2015625 0.321875 0.0390625 0.01875
15 0.196875 0.3359375 0.0375 0.0171875
10 0.190625 0.3546875 0.040625 0.01875
10 0.1859375 0.3703125 0.0390625 0.0171875
25 0.1796875 0.3890625 0.040625 0.01875
25 0.1734375 0.4078125 0.040625 0.0171875
14 0.1703125 0.428125 0.0421875 0.0234375
14 0.165625 0.453125 0.040625 0.03125
6 0.346875 0.38125 0.0390625 0.0171875
27 0.3453125 0.4 0.040625 0.0203125
26 0.3421875 0.4234375 0.0375 0.0265625
0 0.3875 0.38125 0.0375 0.0234375
26 0.384375 0.4 0.0359375 0.0203125
2 0.3828125 0.4203125 0.0359375 0.01875
33 0.38125 0.4390625 0.0390625 0.0203125
7 0.378125 0.4609375 0.040625 0.021875
11 0.375 0.4890625 0.040625 0.0296875
28 0.3921875 0.2625 0.0234375 0.0328125
28 0.4171875 0.2640625 0.0234375 0.03125
28 0.440625 0.2609375 0.0234375 0.034375
20 0.465625 0.2609375 0.0234375 0.034375
20 0.490625 0.2609375 0.025 0.028125
11 0.515625 0.2609375 0.025 0.0328125
8 0.540625 0.2609375 0.025 0.034375
7 0.565625 0.2625 0.0234375 0.0359375
4 0.5890625 0.259375 0.028125 0.0328125
1 0.6140625 0.2609375 0.0265625 0.03125
24 0.6375 0.2609375 0.025 0.03125
21 0.6609375 0.2625 0.0234375 0.034375
18 0.6875 0.2609375 0.0234375 0.034375
22 0.534375 0.334375 0.025 0.025
17 0.565625 0.3359375 0.0359375 0.0203125
2 0.4328125 0.3609375 0.0265625 0.0296875
22 0.4609375 0.3625 0.0296875 0.0359375
30 0.490625 0.3625 0.0265625 0.0328125
19 0.5171875 0.3625 0.025 0.0328125
26 0.54375 0.3625 0.028125 0.034375
29 0.5703125 0.3625 0.03125 0.0359375
31 0.6125 0.38125 0.0375 0.021875
2 0.6125 0.4 0.040625 0.021875
6 0.615625 0.4203125 0.034375 0.01875
24 0.6171875 0.4390625 0.040625 0.021875
31 0.6203125 0.4625 0.0390625 0.0265625
32 0.621875 0.4890625 0.040625 0.0296875
5 0.6625 0.4890625 0.040625 0.0328125
4 0.6609375 0.4625 0.0390625 0.021875
29 0.6578125 0.4421875 0.0375 0.021875
23 0.8046875 0.334375 0.0375 0.021875
23 0.8125 0.35625 0.040625 0.0171875
23 0.8171875 0.375 0.046875 0.015625
20 0.8234375 0.39375 0.0421875 0.0171875
17 0.828125 0.4125 0.04375 0.01875
14 0.834375 0.4328125 0.0484375 0.0203125
14 0.840625 0.4546875 0.0484375 0.021875
19 0.846875 0.475 0.046875 0.021875
16 0.8515625 0.496875 0.0484375 0.021875
10 0.859375 0.5203125 0.046875 0.021875
7 0.865625 0.540625 0.0484375 0.025
4 0.8734375 0.5671875 0.05 0.0234375
15 0.88125 0.59375 0.0515625 0.025
12 0.8875 0.625 0.0546875 0.0359375