0 0.7359375 0.85 0.0671875 0.0484375
16 0.7359375 0.8015625 0.0671875 0.0453125
22 0.7375 0.7515625 0.06875 0.04375
11 0.7359375 0.703125 0.06875 0.0453125
14 0.7359375 0.6546875 0.0671875 0.0484375
33 0.7390625 0.6046875 0.0671875 0.04375
30 0.7375 0.55625 0.0671875 0.0421875
32 0.7359375 0.5078125 0.065625 0.0421875
31 0.7359375 0.459375 0.06875 0.0453125
28 0.7359375 0.4109375 0.0671875 0.0453125
27 0.7359375 0.3625 0.0703125 0.0421875
27 0.734375 0.3125 0.06875 0.04375
27 0.7359375 0.2640625 0.06875 0.0453125
17 0.265625 0.9609375 0.0390625 0.0265625
32 0.5515625 0.859375 0.0375 0.0453125
32 0.5125 0.85 0.03125 0.0453125
33 0.4890625 0.8421875 0.025 0.0453125
33 0.465625 0.8359375 0.0234375 0.0453125
33 0.446875 0.8296875 0.0234375 0.0453125
24 0.2875 0.784375 0.0171875 0.0390625
1 0.303125 0.7875 0.0171875 0.034375
13 0.31875 0.7921875 0.015625 0.0390625
16 0.334375 0.796875 0.015625 0.0375
19 0.35 0.803125 0.0203125 0.0390625
2 0.371875 0.8078125 0.0203125 0.0421875
17 0.3875 0.8125 0.0234375 0.0421875
20 0.4078125 0.8171875 0.0203125 0.040625
26 0.4265625 0.8234375 0.0234375 0.04375
29 0.2625 0.6015625 0.03125 0.025
28 0.259375 0.578125 0.0296875 0.0265625
30 0.2609375 0.553125 0.03125 0.021875
26 0.2609375 0.5296875 0.0296875 0.0234375
20 0.2609375 0.5046875 0.0328125 0.025
14 0.259375 0.4796875 0.028125 0.021875
8 0.2609375 0.45625 0.0296875 0.025
5 0.2609375 0.4328125 0.0359375 0.025
5 0.2609375 0.4078125 0.0328125 0.0234375
19 0.2609375 0.3828125 0.0328125 0.0234375
13 0.259375 0.3578125 0.0328125 0.0234375
4 0.2609375 0.334375 0.03125 0.0234375
24 0.2609375 0.309375 0.0328125 0.0234375