3 0.8609375 0.2578125 0.0453125 0.0671875
12 0.809375 0.259375 0.0453125 0.0703125
15 0.7609375 0.2578125 0.046875 0.0703125
15 0.7125 0.2578125 0.046875 0.06875
21 0.6609375 0.259375 0.046875 0.06875
21 0.6140625 0.259375 0.05 0.0703125
24 0.5625 0.2578125 0.0484375 0.06875
7 0.5140625 0.259375 0.046875 0.071875
7 0.4640625 0.259375 0.046875 0.0703125
19 0.415625 0.259375 0.0453125 0.0703125
25 0.365625 0.2578125 0.0484375 0.071875
28 0.3171875 0.2578125 0.046875 0.071875
29 0.265625 0.2609375 0.0453125 0.071875
29 0.9734375 0.734375 0.028125 0.04375
29 0.19375 0.66875 0.040625 0.0234375
31 0.184375 0.6453125 0.040625 0.01875
31 0.1796875 0.6265625 0.0421875 0.0203125
30 0.175 0.609375 0.040625 0.0171875
30 0.1703125 0.5875 0.0453125 0.0171875
20 0.1640625 0.56875 0.0453125 0.0203125
20 0.159375 0.55 0.046875 0.0171875
14 0.1515625 0.5265625 0.05 0.0234375
5 0.1453125 0.50625 0.04375 0.025
2 0.1375 0.48125 0.0484375 0.0265625
21 0.1296875 0.45625 0.0484375 0.021875
12 0.1234375 0.4328125 0.0484375 0.0265625
3 0.115625 0.40625 0.053125 0.0234375
0 0.1109375 0.378125 0.0546875 0.028125
6 0.7921875 0.7140625 0.0359375 0.015625
4 0.7953125 0.6984375 0.0375 0.0171875
16 0.8 0.6828125 0.0390625 0.0171875
22 0.8046875 0.665625 0.0375 0.015625
5 0.8109375 0.6484375 0.040625 0.0171875
8 0.8171875 0.6296875 0.040625 0.021875
14 0.821875 0.6125 0.040625 0.021875
14 0.828125 0.5921875 0.0421875 0.0234375
23 0.834375 0.5734375 0.0421875 0.0203125
30 0.8390625 0.5515625 0.0421875 0.0234375
32 0.8453125 0.53125 0.04375 0.0265625
28 0.85 0.509375 0.0484375 0.0234375
27 0.859375 0.4859375 0.0453125 0.0328125
27 0.609375 0.740625 0.025 0.0265625
27 0.5828125 0.740625 0.021875 0.03125
32 0.559375 0.7421875 0.0203125 0.03125
33 0.5328125 0.740625 0.0234375 0.034375
33 0.5109375 0.7421875 0.0265625 0.0328125
26 0.4859375 0.7421875 0.01875 0.0328125
20 0.459375 0.7421875 0.0234375 0.0328125
14 0.4359375 0.740625 0.025 0.034375
16 0.4109375 0.740625 0.025 0.0375
10 0.3859375 0.7421875 0.0234375 0.0328125
4 0.359375 0.7421875 0.028125 0.03125
18 0.3359375 0.7421875 0.028125 0.0359375
6 0.3109375 0.740625 0.0265625 0.0375