3 0.259375 0.14375 0.06875 0.046875
12 0.259375 0.1921875 0.0703125 0.046875
15 0.259375 0.2421875 0.0703125 0.05
15 0.2578125 0.2921875 0.071875 0.0484375
1 0.2578125 0.3421875 0.0703125 0.0515625
4 0.259375 0.390625 0.071875 0.0453125
10 0.2578125 0.4390625 0.0703125 0.046875
19 0.259375 0.4875 0.071875 0.046875
20 0.2578125 0.5390625 0.071875 0.046875
26 0.259375 0.5890625 0.071875 0.05
31 0.2578125 0.6359375 0.0703125 0.05
29 0.259375 0.6859375 0.071875 0.046875
27 0.259375 0.734375 0.071875 0.046875
11 0.7328125 0.0328125 0.0453125 0.0296875
28 0.509375 0.6234375 0.0328125 0.0453125