0 0.2578125 0.14375 0.06875 0.0453125
3 0.259375 0.1921875 0.06875 0.0453125
6 0.2578125 0.2421875 0.0671875 0.046875
12 0.259375 0.2921875 0.0671875 0.046875
15 0.259375 0.340625 0.0703125 0.046875
18 0.259375 0.3890625 0.06875 0.0453125
18 0.2578125 0.4375 0.071875 0.04375
21 0.259375 0.4875 0.06875 0.046875
21 0.2609375 0.5375 0.06875 0.046875
24 0.2609375 0.584375 0.06875 0.046875
13 0.259375 0.634375 0.0671875 0.0453125
16 0.259375 0.6828125 0.0703125 0.0453125
16 0.2609375 0.73125 0.071875 0.046875
31 0.4828125 0.4171875 0.0296875 0.028125
29 0.4828125 0.4484375 0.028125 0.0265625
27 0.4828125 0.4828125 0.0296875 0.025
26 0.4828125 0.5140625 0.028125 0.028125
33 0.4828125 0.546875 0.0296875 0.0296875
32 0.48125 0.578125 0.0265625 0.0265625
8 0.4515625 0.4171875 0.03125 0.028125
30 0.45 0.4484375 0.0328125 0.0296875
8 0.45 0.48125 0.034375 0.0296875
0 0.7328125 0.03125 0.040625 0.0265625
9 0.365625 0.0796875 0.0375 0.0421875
9 0.3328125 0.0765625 0.028125 0.0484375
9 0.2984375 0.0671875 0.040625 0.0578125
3 0.7125 0.209375 0.0171875 0.0390625
12 0.6953125 0.20625 0.015625 0.0390625
15 0.678125 0.2015625 0.01875 0.0390625
15 0.6640625 0.196875 0.0171875 0.0375
10 0.6453125 0.190625 0.01875 0.040625
10 0.6296875 0.1859375 0.0171875 0.0390625
25 0.6109375 0.1796875 0.01875 0.040625
25 0.5921875 0.1734375 0.0171875 0.040625
14 0.571875 0.1703125 0.0234375 0.0421875
14 0.546875 0.165625 0.03125 0.040625
6 0.61875 0.346875 0.0171875 0.0390625
27 0.6 0.3453125 0.0203125 0.040625
26 0.5765625 0.3421875 0.0265625 0.0375
0 0.61875 0.3875 0.0234375 0.0375
26 0.6 0.384375 0.0203125 0.0359375
2 0.5796875 0.3828125 0.01875 0.0359375
33 0.5609375 0.38125 0.0203125 0.0390625
7 0.5390625 0.378125 0.021875 0.040625
11 0.5109375 0.375 0.0296875 0.040625
28 0.7375 0.3921875 0.0328125 0.0234375
28 0.7359375 0.4171875 0.03125 0.0234375
28 0.7390625 0.440625 0.034375 0.0234375
20 0.7390625 0.465625 0.034375 0.0234375
20 0.7390625 0.490625 0.028125 0.025
11 0.7390625 0.515625 0.0328125 0.025
8 0.7390625 0.540625 0.034375 0.025
7 0.7375 0.565625 0.0359375 0.0234375
4 0.740625 0.5890625 0.0328125 0.028125
1 0.7390625 0.6140625 0.03125 0.0265625
24 0.7390625 0.6375 0.03125 0.025
21 0.7375 0.6609375 0.034375 0.0234375
18 0.7390625 0.6875 0.034375 0.0234375
22 0.665625 0.534375 0.025 0.025
17 0.6640625 0.565625 0.0203125 0.0359375
2 0.6390625 0.4328125 0.0296875 0.0265625
22 0.6375 0.4609375 0.0359375 0.0296875
30 0.6375 0.490625 0.0328125 0.0265625
19 0.6375 0.5171875 0.0328125 0.025
26 0.6375 0.54375 0.034375 0.028125
29 0.6375 0.5703125 0.0359375 0.03125
31 0.61875 0.6125 0.021875 0.0375
2 0.6 0.6125 0.021875 0.040625
6 0.5796875 0.615625 0.01875 0.034375
24 0.5609375 0.6171875 0.021875 0.040625
31 0.5375 0.6203125 0.0265625 0.0390625
32 0.5109375 0.621875 0.0296875 0.040625
5 0.5109375 0.6625 0.0328125 0.040625
4 0.5375 0.6609375 0.021875 0.0390625
29 0.5578125 0.6578125 0.021875 0.0375
23 0.665625 0.8046875 0.021875 0.0375
23 0.64375 0.8125 0.0171875 0.040625
23 0.625 0.8171875 0.015625 0.046875
20 0.60625 0.8234375 0.0171875 0.0421875
17 0.5875 0.828125 0.01875 0.04375
14 0.5671875 0.834375 0.0203125 0.0484375
14 0.5453125 0.840625 0.021875 0.0484375
19 0.525 0.846875 0.021875 0.046875
16 0.503125 0.8515625 0.021875 0.0484375
10 0.4796875 0.859375 0.021875 0.046875
7 0.459375 0.865625 0.025 0.0484375
4 0.4328125 0.8734375 0.0234375 0.05
15 0.40625 0.88125 0.025 0.0515625
12 0.375 0.8875 0.0359375 0.0546875