12 0.14375 0.740625 0.046875 0.0703125
18 0.1921875 0.7421875 0.046875 0.0734375
24 0.2421875 0.740625 0.046875 0.0703125
1 0.2921875 0.740625 0.0453125 0.06875
13 0.3390625 0.740625 0.0484375 0.071875
16 0.3890625 0.7421875 0.05 0.0703125
19 0.4390625 0.7390625 0.0484375 0.0703125
19 0.4890625 0.7421875 0.0453125 0.071875
22 0.5359375 0.7390625 0.04375 0.06875
11 0.5875 0.7421875 0.0453125 0.0703125
30 0.6359375 0.740625 0.0453125 0.071875
30 0.6859375 0.740625 0.0453125 0.0703125
28 0.7359375 0.740625 0.0453125 0.06875
28 0.8 0.7421875 0.046875 0.071875
23 0.03125 0.2671875 0.0296875 0.0453125
26 0.8265625 0.3921875 0.040625 0.021875
26 0.1640625 0.446875 0.04375 0.0234375
29 0.3921875 0.2578125 0.025 0.03125
28 0.4171875 0.259375 0.0265625 0.0328125
28 0.4421875 0.259375 0.025 0.03125
31 0.4671875 0.259375 0.0234375 0.0328125
33 0.490625 0.2609375 0.0234375 0.034375
0 0.209375 0.2859375 0.0359375 0.01875
18 0.2046875 0.3015625 0.0421875 0.0171875
24 0.2015625 0.31875 0.0375 0.0140625
24 0.196875 0.334375 0.0375 0.0203125
1 0.190625 0.3515625 0.0359375 0.01875
10 0.1859375 0.3703125 0.0375 0.01875
2 0.1796875 0.3890625 0.0390625 0.01875
17 0.175 0.4078125 0.04375 0.0234375
20 0.16875 0.4265625 0.040625 0.021875
31 0.159375 0.46875 0.04375 0.0265625
31 0.15 0.4890625 0.0421875 0.025
27 0.14375 0.515625 0.0421875 0.03125
23 0.5171875 0.2578125 0.0234375 0.03125
23 0.5421875 0.259375 0.025 0.0359375
11 0.5640625 0.259375 0.0265625 0.0375
5 0.5890625 0.259375 0.0296875 0.0328125
25 0.615625 0.259375 0.025 0.0359375
7 0.6390625 0.259375 0.0296875 0.0359375
24 0.6640625 0.259375 0.0234375 0.0359375
21 0.6875 0.259375 0.021875 0.028125
27 0.815625 0.3546875 0.0390625 0.0171875
33 0.8171875 0.3734375 0.04375 0.01875
17 0.83125 0.4125 0.040625 0.01875
25 0.8359375 0.4328125 0.046875 0.021875
10 0.8421875 0.4515625 0.04375 0.0203125
1 0.8484375 0.475 0.05 0.0234375
18 0.8546875 0.496875 0.053125 0.0234375
15 0.8625 0.51875 0.0484375 0.0234375
12 0.8703125 0.5421875 0.046875 0.0234375
9 0.8765625 0.5671875 0.0484375 0.025
9 0.8828125 0.59375 0.05625 0.0296875
3 0.890625 0.625 0.0484375 0.034375