24 0.7421875 0.859375 0.06875 0.0484375
13 0.7421875 0.809375 0.071875 0.05
22 0.740625 0.7609375 0.0703125 0.046875
22 0.7421875 0.7109375 0.06875 0.046875
8 0.7421875 0.6625 0.06875 0.046875
17 0.740625 0.6109375 0.0671875 0.04375
20 0.7421875 0.5609375 0.06875 0.0484375
23 0.7421875 0.5109375 0.06875 0.04375
23 0.7421875 0.4625 0.06875 0.046875
23 0.740625 0.4140625 0.0703125 0.046875
26 0.7421875 0.3609375 0.0734375 0.0484375
28 0.740625 0.315625 0.0703125 0.046875
27 0.740625 0.2625 0.0703125 0.04375
27 0.259375 0.6078125 0.0328125 0.025
29 0.25625 0.5828125 0.034375 0.021875
13 0.2640625 0.9703125 0.040625 0.0296875
26 0.2578125 0.559375 0.034375 0.021875
20 0.2578125 0.534375 0.0359375 0.0234375
17 0.2578125 0.5078125 0.034375 0.021875
13 0.2578125 0.4828125 0.0328125 0.0234375
11 0.2578125 0.4578125 0.03125 0.0234375
25 0.2578125 0.4328125 0.03125 0.025
19 0.2578125 0.4078125 0.0328125 0.0234375
10 0.25625 0.3859375 0.0328125 0.0234375
4 0.25625 0.359375 0.0328125 0.028125
4 0.2578125 0.334375 0.0375 0.0265625
1 0.25625 0.3109375 0.0359375 0.028125
29 0.3296875 0.190625 0.0265625 0.0375
28 0.3546875 0.184375 0.0171875 0.0421875
32 0.3734375 0.18125 0.01875 0.0453125
23 0.390625 0.1734375 0.01875 0.0421875
11 0.4109375 0.16875 0.0171875 0.04375
11 0.43125 0.1625 0.0203125 0.0421875
2 0.4515625 0.1546875 0.01875 0.04375
2 0.471875 0.1484375 0.021875 0.04375
22 0.4953125 0.1421875 0.021875 0.0421875
16 0.5171875 0.1359375 0.01875 0.0484375
10 0.5421875 0.1296875 0.025 0.05
7 0.5671875 0.1203125 0.025 0.0578125
1 0.5921875 0.1140625 0.025 0.05625
0 0.625 0.10625 0.0359375 0.05625