0 0.2609375 0.14375 0.071875 0.046875
1 0.2609375 0.1953125 0.0703125 0.0453125
1 0.2609375 0.2453125 0.0703125 0.0453125
7 0.2609375 0.29375 0.071875 0.046875
7 0.2609375 0.3421875 0.06875 0.046875
5 0.2609375 0.390625 0.0703125 0.04375
14 0.2609375 0.4390625 0.06875 0.04375
23 0.259375 0.490625 0.0703125 0.0453125
32 0.2609375 0.5390625 0.0703125 0.046875
32 0.2609375 0.5890625 0.0703125 0.046875
31 0.2609375 0.6390625 0.0703125 0.04375
29 0.2625 0.6859375 0.071875 0.046875
27 0.2609375 0.7375 0.0703125 0.0453125
16 0.7359375 0.0328125 0.04375 0.028125
4 0.7140625 0.2109375 0.0171875 0.034375
7 0.6984375 0.2078125 0.0171875 0.0375
16 0.6828125 0.203125 0.0171875 0.0375
19 0.665625 0.196875 0.01875 0.0421875
22 0.6484375 0.1921875 0.0203125 0.040625
22 0.6328125 0.1875 0.01875 0.0390625
2 0.6140625 0.18125 0.0203125 0.0421875
8 0.59375 0.1765625 0.0203125 0.04375
14 0.5734375 0.171875 0.0203125 0.04375
33 0.553125 0.1671875 0.021875 0.0453125
30 0.5328125 0.159375 0.021875 0.0453125
32 0.5109375 0.1515625 0.021875 0.04375
29 0.4828125 0.1453125 0.034375 0.04375
28 0.740625 0.3578125 0.034375 0.0265625
23 0.740625 0.39375 0.0296875 0.0234375
20 0.7421875 0.4203125 0.0296875 0.025
17 0.7421875 0.44375 0.0328125 0.025
11 0.7421875 0.46875 0.034375 0.0234375
8 0.740625 0.4921875 0.0328125 0.025
25 0.740625 0.5171875 0.034375 0.0265625
19 0.740625 0.5421875 0.0375 0.025
19 0.740625 0.565625 0.0375 0.0234375
10 0.740625 0.5921875 0.034375 0.025
10 0.740625 0.615625 0.034375 0.0265625
4 0.740625 0.640625 0.034375 0.025
1 0.740625 0.665625 0.0328125 0.0265625
24 0.740625 0.6890625 0.0375 0.0265625