24 0.1484375 0.7390625 0.0421875 0.0703125
4 0.1953125 0.740625 0.046875 0.0671875
13 0.2453125 0.740625 0.046875 0.0671875
16 0.29375 0.7390625 0.04375 0.071875
19 0.34375 0.7390625 0.046875 0.071875
22 0.3921875 0.740625 0.046875 0.0671875
5 0.4390625 0.740625 0.046875 0.0703125
5 0.4890625 0.740625 0.0453125 0.06875
23 0.5390625 0.7375 0.05 0.0734375
26 0.5875 0.7390625 0.046875 0.071875
28 0.6375 0.7390625 0.0453125 0.0703125
28 0.6859375 0.7390625 0.0421875 0.071875
27 0.7328125 0.740625 0.0484375 0.06875
7 0.7984375 0.7375 0.046875 0.06875
28 0.0359375 0.2703125 0.0296875 0.0421875
1 0.3890625 0.3875 0.0375 0.0296875
30 0.571875 0.3640625 0.028125 0.034375