24 0.859375 0.2578125 0.0484375 0.06875
13 0.809375 0.2578125 0.05 0.071875
22 0.7609375 0.259375 0.046875 0.0703125
22 0.7109375 0.2578125 0.046875 0.06875
8 0.6625 0.2578125 0.046875 0.06875
17 0.6109375 0.259375 0.04375 0.0671875
20 0.5609375 0.2578125 0.0484375 0.06875
23 0.5109375 0.2578125 0.04375 0.06875
23 0.4625 0.2578125 0.046875 0.06875
23 0.4140625 0.259375 0.046875 0.0703125
26 0.3609375 0.2578125 0.0484375 0.0734375
28 0.315625 0.259375 0.046875 0.0703125
27 0.2625 0.259375 0.04375 0.0703125
27 0.6078125 0.740625 0.025 0.0328125
29 0.5828125 0.74375 0.021875 0.034375
13 0.9703125 0.7359375 0.0296875 0.040625
26 0.559375 0.7421875 0.021875 0.034375
20 0.534375 0.7421875 0.0234375 0.0359375
17 0.5078125 0.7421875 0.021875 0.034375
13 0.4828125 0.7421875 0.0234375 0.0328125
11 0.4578125 0.7421875 0.0234375 0.03125
25 0.4328125 0.7421875 0.025 0.03125
19 0.4078125 0.7421875 0.0234375 0.0328125
10 0.3859375 0.74375 0.0234375 0.0328125
4 0.359375 0.74375 0.028125 0.0328125
4 0.334375 0.7421875 0.0265625 0.0375
1 0.3109375 0.74375 0.028125 0.0359375
29 0.190625 0.6703125 0.0375 0.0265625
28 0.184375 0.6453125 0.0421875 0.0171875
32 0.18125 0.6265625 0.0453125 0.01875
23 0.1734375 0.609375 0.0421875 0.01875
11 0.16875 0.5890625 0.04375 0.0171875
11 0.1625 0.56875 0.0421875 0.0203125
2 0.1546875 0.5484375 0.04375 0.01875
2 0.1484375 0.528125 0.04375 0.021875
22 0.1421875 0.5046875 0.0421875 0.021875
16 0.1359375 0.4828125 0.0484375 0.01875
10 0.1296875 0.4578125 0.05 0.025
7 0.1203125 0.4328125 0.0578125 0.025
1 0.1140625 0.4078125 0.05625 0.025
0 0.10625 0.375 0.05625 0.0359375