32 0.415625 0.515625 0.028125 0.034375
19 0.1375 0.7421875 0.04375 0.06875
15 0.4484375 0.51875 0.028125 0.0328125
22 0.4703125 0.734375 0.034375 0.040625
22 0.5125 0.7375 0.0484375 0.0296875
22 0.55625 0.734375 0.0328125 0.04375
23 0.5921875 0.734375 0.0390625 0.0421875
23 0.6359375 0.7375 0.0515625 0.028125
23 0.6796875 0.7328125 0.040625 0.0421875
30 0.7171875 0.7328125 0.0390625 0.0390625
30 0.7609375 0.7390625 0.05 0.028125
30 0.8046875 0.7328125 0.04375 0.0375
0 0.8421875 0.7328125 0.0421875 0.0421875
0 0.8875 0.734375 0.05 0.0296875
0 0.9265625 0.7328125 0.0421875 0.0421875
18 0.5765625 0.51875 0.0296875 0.0296875
6 0.546875 0.55 0.03125 0.034375
33 0.546875 0.5171875 0.0296875 0.03125
2 0.48125 0.5171875 0.028125 0.034375
17 0.5140625 0.5171875 0.0296875 0.03125
17 0.478125 0.55 0.03125 0.034375
7 0.5125 0.5515625 0.03125 0.034375
25 0.446875 0.55 0.03125 0.03125
10 0.4140625 0.5515625 0.03125 0.034375
4 0.0265625 0.265625 0.0296875 0.0421875
3 0.2078125 0.2859375 0.0375 0.01875
15 0.2015625 0.3015625 0.040625 0.01875
18 0.1984375 0.3171875 0.034375 0.01875
21 0.19375 0.3359375 0.0359375 0.01875
24 0.1890625 0.3515625 0.034375 0.01875
24 0.1828125 0.3703125 0.0390625 0.015625
10 0.1765625 0.3875 0.0375 0.0171875
16 0.171875 0.40625 0.04375 0.025
19 0.1671875 0.4265625 0.0421875 0.025
19 0.159375 0.446875 0.040625 0.0203125
8 0.1546875 0.46875 0.046875 0.0234375
26 0.146875 0.490625 0.04375 0.0265625
26 0.1390625 0.51875 0.04375 0.03125
19 0.353125 0.2578125 0.0265625 0.028125
25 0.346875 0.378125 0.0375 0.0203125
29 0.3453125 0.4046875 0.034375 0.0296875
31 0.384375 0.378125 0.0359375 0.0203125
32 0.384375 0.4 0.0359375 0.021875
32 0.38125 0.41875 0.0390625 0.0234375
2 0.3765625 0.4390625 0.0421875 0.025
31 0.3765625 0.4609375 0.0421875 0.0234375
27 0.375 0.4890625 0.040625 0.0328125
8 0.390625 0.25625 0.0234375 0.0328125
8 0.415625 0.2578125 0.025 0.034375
13 0.4390625 0.2578125 0.025 0.0328125
13 0.4640625 0.2578125 0.025 0.034375
4 0.4890625 0.259375 0.0265625 0.034375
4 0.5140625 0.259375 0.025 0.034375
12 0.5390625 0.259375 0.0234375 0.0328125
12 0.5625 0.2578125 0.025 0.03125
9 0.5890625 0.2578125 0.0265625 0.034375
9 0.6140625 0.259375 0.0234375 0.0328125
9 0.6375 0.259375 0.025 0.034375
6 0.6625 0.259375 0.0265625 0.034375
3 0.6875 0.2578125 0.025 0.034375
5 0.56875 0.33125 0.0265625 0.0234375
5 0.4296875 0.3609375 0.028125 0.034375
20 0.4578125 0.3609375 0.025 0.034375
26 0.4859375 0.359375 0.0265625 0.0328125
29 0.5140625 0.3625 0.0265625 0.03125
27 0.5421875 0.359375 0.025 0.03125
28 0.5703125 0.359375 0.028125 0.03125
27 0.6125 0.38125 0.034375 0.01875
15 0.65 0.378125 0.0390625 0.01875
33 0.6140625 0.3984375 0.0375 0.01875
20 0.653125 0.4 0.0359375 0.0203125
5 0.6546875 0.4203125 0.040625 0.0203125
11 0.7046875 0.4875 0.040625 0.0296875
28 0.6140625 0.421875 0.0375 0.0203125
10 0.6171875 0.440625 0.040625 0.0234375
28 0.6578125 0.440625 0.0421875 0.021875
6 0.6203125 0.4625 0.0390625 0.0203125
2 0.6609375 0.4609375 0.0421875 0.0234375
25 0.621875 0.4890625 0.0390625 0.0296875
33 0.6625 0.4875 0.04375 0.0328125
7 0.8171875 0.296875 0.0359375 0.015625
21 0.8125 0.2828125 0.0359375 0.0171875
7 0.8234375 0.3125 0.0359375 0.015625
7 0.83125 0.3375 0.0328125 0.0328125
14 0.8484375 0.4734375 0.0484375 0.025
14 0.8546875 0.4953125 0.05 0.0203125
14 0.8609375 0.51875 0.05 0.0203125
1 0.8671875 0.5421875 0.05 0.025
1 0.875 0.5671875 0.0515625 0.0234375
18 0.88125 0.59375 0.0546875 0.025
12 0.8890625 0.6265625 0.0546875 0.0328125