1 0.14375 0.7421875 0.046875 0.06875
1 0.1921875 0.7421875 0.0453125 0.0671875
0 0.41875 0.5171875 0.028125 0.03125
5 0.4515625 0.515625 0.025 0.03125
30 0.4859375 0.515625 0.0265625 0.0296875
24 0.5171875 0.5171875 0.028125 0.0296875
23 0.55 0.51875 0.0296875 0.0296875
20 0.5828125 0.5171875 0.0328125 0.03125
26 0.41875 0.5515625 0.028125 0.03125
14 0.340625 0.740625 0.046875 0.0734375
7 0.240625 0.7421875 0.046875 0.071875
7 0.290625 0.7421875 0.046875 0.0703125
29 0.390625 0.7421875 0.0453125 0.0734375
29 0.440625 0.7421875 0.04375 0.0703125
1 0.5046875 0.740625 0.0453125 0.0703125
27 0.725 0.7359375 0.0484375 0.028125
27 0.76875 0.73125 0.0375 0.0390625
27 0.8046875 0.7328125 0.0390625 0.040625
32 0.85 0.7375 0.0515625 0.03125
32 0.8921875 0.73125 0.0421875 0.0390625
32 0.928125 0.73125 0.0453125 0.040625
16 0.0296875 0.2671875 0.03125 0.0453125
4 0.2109375 0.2875 0.0328125 0.0171875
7 0.2046875 0.3046875 0.03125 0.015625
13 0.203125 0.31875 0.0390625 0.0140625
16 0.196875 0.3359375 0.0359375 0.0171875
19 0.19375 0.3546875 0.0359375 0.0203125
22 0.1859375 0.371875 0.0390625 0.01875
22 0.1828125 0.390625 0.040625 0.0234375
22 0.1765625 0.409375 0.040625 0.021875
2 0.171875 0.428125 0.040625 0.021875
2 0.1625 0.4515625 0.040625 0.021875
8 0.1578125 0.46875 0.046875 0.028125
14 0.1515625 0.4921875 0.04375 0.0234375
17 0.1453125 0.51875 0.0453125 0.034375
25 0.3875 0.3796875 0.0359375 0.0203125
33 0.3859375 0.4 0.040625 0.0234375
29 0.3828125 0.4203125 0.0421875 0.0203125
30 0.38125 0.4390625 0.0390625 0.021875
0 0.3796875 0.459375 0.0390625 0.0234375
23 0.3765625 0.4859375 0.0421875 0.0265625
8 0.4296875 0.3625 0.034375 0.0296875
8 0.4609375 0.3625 0.0265625 0.0359375
32 0.4875 0.3640625 0.025 0.034375
28 0.5171875 0.3625 0.0265625 0.0359375
24 0.54375 0.3640625 0.028125 0.034375
25 0.5734375 0.3609375 0.0265625 0.034375
26 0.54375 0.334375 0.025 0.021875
17 0.571875 0.334375 0.0265625 0.028125
23 0.3921875 0.259375 0.025 0.03125
20 0.41875 0.2609375 0.0203125 0.03125
17 0.44375 0.259375 0.0234375 0.03125
11 0.46875 0.259375 0.021875 0.0296875
11 0.4921875 0.2609375 0.0234375 0.028125
11 0.5171875 0.259375 0.025 0.0328125
19 0.5421875 0.2578125 0.021875 0.034375
19 0.565625 0.259375 0.0265625 0.0296875
10 0.5890625 0.2609375 0.0234375 0.03125
10 0.615625 0.259375 0.025 0.03125
10 0.6390625 0.2609375 0.021875 0.0328125
4 0.6625 0.259375 0.0265625 0.034375
1 0.6890625 0.2609375 0.028125 0.034375