0 0.7375 0.853125 0.0671875 0.0453125
0 0.7390625 0.8046875 0.06875 0.0421875
6 0.7390625 0.75625 0.0703125 0.046875
32 0.515625 0.5796875 0.03125 0.025
25 0.515625 0.546875 0.0296875 0.028125
28 0.5171875 0.515625 0.03125 0.028125
33 0.515625 0.4828125 0.0296875 0.028125
16 0.515625 0.4515625 0.0328125 0.028125
2 0.7375 0.5109375 0.06875 0.0453125
4 0.740625 0.6578125 0.0671875 0.0453125
9 0.7390625 0.7078125 0.071875 0.0453125
7 0.7375 0.609375 0.0703125 0.04375
10 0.7390625 0.559375 0.0671875 0.0453125
2 0.7375 0.5109375 0.0703125 0.0421875
2 0.7390625 0.4625 0.06875 0.04375
5 0.7390625 0.4109375 0.0703125 0.046875
22 0.5484375 0.5828125 0.034375 0.0265625
33 0.55 0.5515625 0.03125 0.0296875
1 0.546875 0.51875 0.0296875 0.0265625
28 0.546875 0.4859375 0.0328125 0.0296875
14 0.740625 0.3640625 0.06875 0.0453125
20 0.7390625 0.3140625 0.06875 0.0453125
26 0.7390625 0.265625 0.0703125 0.04375
18 0.515625 0.41875 0.0296875 0.0296875
3 0.2640625 0.965625 0.040625 0.028125
6 0.2671875 0.934375 0.04375 0.0296875
30 0.24375 0.7703125 0.0171875 0.0328125
30 0.2484375 0.74375 0.028125 0.0234375
30 0.2515625 0.71875 0.0296875 0.0203125
30 0.2625 0.7765625 0.0203125 0.0328125
26 0.2515625 0.69375 0.0328125 0.0203125
20 0.25 0.6703125 0.03125 0.021875
23 0.246875 0.6421875 0.0234375 0.0328125
17 0.25 0.6125 0.028125 0.0234375
14 0.2515625 0.5875 0.03125 0.025
20 0.2453125 0.5609375 0.0234375 0.03125
20 0.259375 0.384375 0.0265625 0.025
17 0.259375 0.359375 0.034375 0.025
11 0.259375 0.3359375 0.03125 0.0265625
8 0.259375 0.309375 0.028125 0.0234375
9 0.33125 0.196875 0.021875 0.0359375
27 0.35625 0.184375 0.01875 0.04375
27 0.375 0.1796875 0.01875 0.0421875
14 0.390625 0.175 0.0171875 0.046875
11 0.4109375 0.16875 0.01875 0.0390625
11 0.4296875 0.165625 0.01875 0.04375
8 0.4515625 0.1609375 0.01875 0.0453125
8 0.4734375 0.153125 0.021875 0.046875
5 0.4953125 0.1453125 0.0203125 0.05
15 0.5171875 0.1390625 0.025 0.0453125
12 0.540625 0.13125 0.0234375 0.05
6 0.565625 0.125 0.021875 0.046875
3 0.59375 0.1171875 0.025 0.0515625
0 0.621875 0.109375 0.0296875 0.05
22 0.3765625 0.6484375 0.0171875 0.034375
1 0.396875 0.6484375 0.021875 0.0328125
27 0.41875 0.6546875 0.01875 0.0390625
32 0.4421875 0.65625 0.0265625 0.0359375
0 0.3765625 0.6109375 0.0171875 0.0390625
25 0.396875 0.6125 0.021875 0.0375
32 0.41875 0.615625 0.01875 0.034375
24 0.4359375 0.6140625 0.0203125 0.0390625
29 0.459375 0.6203125 0.021875 0.040625
22 0.48125 0.621875 0.0265625 0.04375
28 0.3609375 0.5671875 0.0328125 0.0265625
21 0.359375 0.5390625 0.034375 0.0265625
10 0.3609375 0.5109375 0.0296875 0.0265625
12 0.33125 0.509375 0.025 0.0265625
15 0.33125 0.48125 0.025 0.025
10 0.3578125 0.5125 0.0296875 0.028125
21 0.359375 0.484375 0.03125 0.0265625
12 0.359375 0.45625 0.03125 0.0328125
12 0.359375 0.4265625 0.03125 0.0265625
31 0.3296875 0.4296875 0.0234375 0.0265625
3 0.3328125 0.4546875 0.025 0.025
21 0.375 0.3875 0.01875 0.0375
31 0.396875 0.384375 0.0265625 0.0296875
33 0.4171875 0.3828125 0.01875 0.040625
24 0.4375 0.3796875 0.0171875 0.0390625
32 0.459375 0.3765625 0.021875 0.040625
10 0.4859375 0.375 0.0265625 0.0390625
19 0.484375 0.3359375 0.0296875 0.04375
15 0.2875 0.7859375 0.0171875 0.0390625
18 0.3015625 0.7921875 0.01875 0.0359375
4 0.3203125 0.796875 0.0171875 0.0390625
4 0.334375 0.8 0.01875 0.040625
13 0.3515625 0.80625 0.015625 0.0390625
16 0.3703125 0.8125 0.0203125 0.0390625
16 0.3890625 0.815625 0.0171875 0.0390625
2 0.40625 0.821875 0.015625 0.040625
8 0.4265625 0.8296875 0.0203125 0.0390625
23 0.446875 0.834375 0.0203125 0.0390625
23 0.465625 0.840625 0.021875 0.0375
26 0.4890625 0.8484375 0.0234375 0.0375
26 0.5171875 0.8546875 0.0296875 0.0375