18 0.2609375 0.1421875 0.071875 0.046875
18 0.259375 0.190625 0.0703125 0.0453125
24 0.2609375 0.240625 0.0703125 0.046875
24 0.2609375 0.290625 0.065625 0.04375
9 0.2671875 0.603125 0.0296875 0.046875
9 0.271875 0.64375 0.0390625 0.0359375
9 0.271875 0.6828125 0.040625 0.0375
7 0.2640625 0.725 0.0265625 0.046875
7 0.2703125 0.7671875 0.0390625 0.0375
7 0.2703125 0.8015625 0.0359375 0.040625
31 0.271875 0.8421875 0.040625 0.0390625
31 0.265625 0.8875 0.028125 0.0484375
31 0.2703125 0.9296875 0.0390625 0.0421875
26 0.4859375 0.41875 0.0265625 0.025
32 0.484375 0.4828125 0.025 0.028125
30 0.4859375 0.515625 0.028125 0.0265625
33 0.484375 0.5453125 0.028125 0.028125
30 0.4859375 0.5796875 0.0296875 0.0296875
6 0.4515625 0.5796875 0.0296875 0.028125
21 0.453125 0.546875 0.028125 0.028125
16 0.453125 0.5140625 0.034375 0.0296875
22 0.45 0.48125 0.034375 0.028125
4 0.415625 0.48125 0.0390625 0.0296875
13 0.4171875 0.446875 0.034375 0.0296875
13 0.41875 0.4140625 0.0328125 0.028125
16 0.453125 0.4171875 0.0296875 0.028125
1 0.484375 0.45 0.028125 0.0265625
2 0.4515625 0.4484375 0.0328125 0.028125
29 0.7359375 0.0296875 0.0421875 0.028125
0 0.7140625 0.209375 0.0171875 0.034375
0 0.7 0.2046875 0.015625 0.0359375
0 0.684375 0.2 0.015625 0.0375
9 0.6671875 0.196875 0.015625 0.0390625
12 0.65 0.190625 0.01875 0.0375
15 0.6328125 0.1859375 0.0203125 0.040625
8 0.6125 0.1796875 0.0203125 0.04375
11 0.5953125 0.1734375 0.021875 0.04375
11 0.5734375 0.16875 0.0171875 0.04375
14 0.553125 0.1625 0.0234375 0.0421875
17 0.534375 0.1546875 0.0203125 0.046875
26 0.5109375 0.15 0.0234375 0.046875
26 0.484375 0.1421875 0.03125 0.0421875
7 0.621875 0.3109375 0.0203125 0.0359375
4 0.5984375 0.30625 0.0265625 0.0390625
22 0.621875 0.3484375 0.0203125 0.0359375
3 0.6015625 0.3453125 0.01875 0.0359375
11 0.5796875 0.3421875 0.0265625 0.0296875
28 0.55625 0.340625 0.0203125 0.0375
29 0.5359375 0.3375 0.0203125 0.040625
19 0.5109375 0.334375 0.0296875 0.040625
2 0.6234375 0.3875 0.0171875 0.040625
32 0.603125 0.384375 0.021875 0.0375
28 0.58125 0.38125 0.0203125 0.0390625
27 0.5640625 0.38125 0.021875 0.0390625
23 0.540625 0.378125 0.021875 0.0375
15 0.5140625 0.3765625 0.028125 0.0390625
26 0.74375 0.3921875 0.0328125 0.025
23 0.7421875 0.4171875 0.0328125 0.0234375
20 0.7421875 0.440625 0.034375 0.0234375
16 0.74375 0.4671875 0.03125 0.0234375
16 0.7421875 0.490625 0.0328125 0.0265625
10 0.7421875 0.515625 0.03125 0.0234375
10 0.74375 0.5390625 0.0328125 0.025
10 0.7421875 0.565625 0.0328125 0.025
4 0.74375 0.590625 0.03125 0.025
4 0.74375 0.6140625 0.034375 0.025
18 0.7421875 0.6375 0.034375 0.0234375
15 0.7421875 0.6640625 0.0359375 0.025
12 0.7421875 0.6890625 0.03125 0.025
27 0.6921875 0.490625 0.021875 0.0265625
8 0.6921875 0.515625 0.0234375 0.025
33 0.690625 0.5421875 0.021875 0.0265625
33 0.6921875 0.56875 0.021875 0.0265625
3 0.6671875 0.434375 0.021875 0.025
27 0.6390625 0.4328125 0.034375 0.0265625
33 0.6390625 0.4609375 0.034375 0.0265625
22 0.66875 0.4625 0.025 0.0265625
25 0.66875 0.4890625 0.0234375 0.0234375
1 0.640625 0.4875 0.0328125 0.025
30 0.640625 0.515625 0.028125 0.0265625
3 0.66875 0.515625 0.0234375 0.025
15 0.66875 0.54375 0.0203125 0.025
32 0.6390625 0.54375 0.03125 0.028125
29 0.66875 0.5703125 0.021875 0.025
24 0.6390625 0.571875 0.0328125 0.0265625
22 0.621875 0.6140625 0.01875 0.0375
16 0.603125 0.6140625 0.021875 0.0359375
10 0.5828125 0.615625 0.01875 0.0390625
23 0.5609375 0.61875 0.0234375 0.040625
21 0.540625 0.61875 0.0203125 0.040625
1 0.5140625 0.621875 0.028125 0.0421875
13 0.5140625 0.6640625 0.03125 0.040625
29 0.540625 0.6625 0.021875 0.0390625
18 0.5625 0.659375 0.0203125 0.0390625
0 0.5828125 0.65625 0.0171875 0.0359375
32 0.603125 0.653125 0.0203125 0.0390625
3 0.621875 0.6515625 0.01875 0.0359375
19 0.58125 0.6953125 0.01875 0.0390625
19 0.5625 0.6984375 0.0203125 0.0375
28 0.540625 0.7015625 0.0203125 0.0421875
6 0.5125 0.7046875 0.03125 0.040625
27 0.590625 0.8296875 0.0171875 0.04375
20 0.5703125 0.8359375 0.021875 0.04375
17 0.55 0.8421875 0.0203125 0.0453125
14 0.528125 0.8484375 0.0203125 0.046875
8 0.50625 0.853125 0.0203125 0.0515625
5 0.4828125 0.8609375 0.025 0.046875
5 0.459375 0.86875 0.0234375 0.05
2 0.4359375 0.875 0.021875 0.05
2 0.409375 0.8828125 0.0234375 0.05
12 0.378125 0.8890625 0.0359375 0.053125