30 0.4140625 0.5140625 0.025 0.03125
6 0.1359375 0.7421875 0.0421875 0.06875
25 0.4484375 0.515625 0.0296875 0.0328125
30 0.54375 0.5171875 0.028125 0.03125
6 0.1859375 0.7421875 0.046875 0.0703125
18 0.2359375 0.7421875 0.04375 0.0671875
13 0.2875 0.7421875 0.04375 0.071875
11 0.3359375 0.740625 0.04375 0.0703125
14 0.3875 0.7421875 0.046875 0.0703125
17 0.434375 0.7421875 0.04375 0.0671875
20 0.4859375 0.7421875 0.046875 0.071875
20 0.534375 0.7421875 0.0453125 0.071875
30 0.584375 0.7421875 0.046875 0.06875
6 0.8484375 0.7375 0.0515625 0.0296875
3 0.8921875 0.7328125 0.0390625 0.0421875
9 0.9296875 0.7328125 0.04375 0.0390625
12 0.515625 0.584375 0.0265625 0.0328125
21 0.546875 0.5484375 0.028125 0.0296875
22 0.58125 0.5484375 0.0265625 0.0328125
28 0.4796875 0.515625 0.0296875 0.0328125
1 0.48125 0.5484375 0.028125 0.03125
1 0.515625 0.55 0.028125 0.0328125
29 0.5109375 0.5171875 0.0265625 0.03125
28 0.5765625 0.5171875 0.0296875 0.03125
7 0.4484375 0.5484375 0.0296875 0.0296875
7 0.4796875 0.5828125 0.0328125 0.0328125
1 0.44375 0.584375 0.0328125 0.0296875
2 0.4140625 0.5484375 0.0296875 0.034375
29 0.409375 0.584375 0.03125 0.03125
33 0.0234375 0.2640625 0.0296875 0.04375
32 0.2171875 0.2484375 0.0203125 0.0296875
32 0.240625 0.2484375 0.0234375 0.0328125
32 0.2703125 0.24375 0.03125 0.0265625
23 0.4640625 0.2578125 0.025 0.03125
20 0.4890625 0.25625 0.025 0.034375
17 0.5140625 0.25625 0.0265625 0.034375
8 0.5390625 0.2578125 0.0234375 0.0328125
8 0.5640625 0.2578125 0.0234375 0.0328125
8 0.5890625 0.25625 0.0234375 0.034375
13 0.6140625 0.25625 0.025 0.0359375
13 0.6390625 0.25625 0.021875 0.0328125
7 0.6625 0.25625 0.0234375 0.0296875
7 0.6875 0.2546875 0.021875 0.0359375
19 0.5125 0.3078125 0.021875 0.0234375
4 0.5390625 0.309375 0.025 0.0234375
33 0.5671875 0.3078125 0.0234375 0.025
25 0.4296875 0.33125 0.0265625 0.025
12 0.45625 0.33125 0.0265625 0.025
0 0.4859375 0.33125 0.028125 0.025
25 0.5125 0.33125 0.0265625 0.028125
2 0.5390625 0.33125 0.025 0.021875
29 0.56875 0.33125 0.025 0.0234375
12 0.43125 0.35625 0.0265625 0.0328125
31 0.4578125 0.359375 0.0265625 0.0328125
27 0.4859375 0.3609375 0.0265625 0.0328125
24 0.5125 0.359375 0.0296875 0.034375
18 0.540625 0.3578125 0.028125 0.0359375
31 0.5703125 0.359375 0.0296875 0.0296875
2 0.30625 0.3765625 0.0359375 0.0234375
10 0.303125 0.4 0.0359375 0.028125
14 0.34375 0.3765625 0.0375 0.0234375
3 0.340625 0.396875 0.0359375 0.0171875
21 0.340625 0.4171875 0.0375 0.01875
31 0.3375 0.4359375 0.0421875 0.025
31 0.334375 0.459375 0.040625 0.021875
5 0.3328125 0.484375 0.040625 0.028125
27 0.3828125 0.378125 0.0390625 0.0234375
28 0.38125 0.396875 0.040625 0.021875
24 0.3796875 0.4171875 0.040625 0.0203125
30 0.3796875 0.4375 0.040625 0.021875
5 0.3765625 0.45625 0.0390625 0.0234375
16 0.3734375 0.4828125 0.0421875 0.0328125
4 0.6109375 0.378125 0.0390625 0.021875
24 0.6109375 0.3984375 0.0390625 0.0203125
0 0.6140625 0.4171875 0.0421875 0.025
26 0.615625 0.4375 0.040625 0.021875
7 0.6171875 0.459375 0.04375 0.0234375
25 0.61875 0.4859375 0.04375 0.028125
27 0.65 0.378125 0.0390625 0.021875
28 0.6515625 0.3984375 0.0453125 0.021875
21 0.65625 0.41875 0.04375 0.021875
15 0.6546875 0.4375 0.0421875 0.0234375
4 0.659375 0.459375 0.0375 0.01875
27 0.6640625 0.4828125 0.040625 0.025
2 0.7015625 0.45625 0.03125 0.028125
1 0.70625 0.4875 0.0421875 0.03125
17 0.8125 0.353125 0.0421875 0.01875
17 0.81875 0.3734375 0.040625 0.015625
14 0.825 0.3921875 0.040625 0.01875
14 0.83125 0.4109375 0.040625 0.01875
11 0.834375 0.4296875 0.0421875 0.021875
11 0.840625 0.45 0.0484375 0.01875
5 0.8484375 0.471875 0.0453125 0.021875
15 0.8546875 0.49375 0.0484375 0.025
12 0.8625 0.5171875 0.05 0.0265625
9 0.86875 0.5421875 0.053125 0.0265625
9 0.875 0.5671875 0.0515625 0.0234375
6 0.884375 0.59375 0.053125 0.025
3 0.890625 0.621875 0.0546875 0.03125
15 0.20625 0.2828125 0.0359375 0.0171875
18 0.2 0.3015625 0.040625 0.01875
21 0.196875 0.315625 0.040625 0.01875
7 0.190625 0.33125 0.034375 0.0171875
10 0.1890625 0.35 0.0421875 0.021875
13 0.18125 0.3671875 0.0390625 0.021875
16 0.1765625 0.3875 0.0390625 0.0203125
16 0.1703125 0.40625 0.0390625 0.021875
16 0.1640625 0.4265625 0.0421875 0.021875
19 0.159375 0.4453125 0.0453125 0.021875
19 0.153125 0.4671875 0.0453125 0.021875
20 0.1484375 0.490625 0.05 0.0234375
23 0.1390625 0.5109375 0.0453125 0.0265625