0 0.1390625 0.7421875 0.0453125 0.06875
1 0.1890625 0.740625 0.0453125 0.0703125
4 0.2390625 0.7421875 0.04375 0.06875
4 0.2890625 0.7421875 0.0453125 0.06875
7 0.3390625 0.7421875 0.0453125 0.06875
7 0.3875 0.7421875 0.046875 0.0703125
19 0.4375 0.7421875 0.046875 0.0703125
2 0.4859375 0.740625 0.046875 0.0703125
8 0.5359375 0.7421875 0.046875 0.071875
11 0.5859375 0.7421875 0.04375 0.0671875
26 0.634375 0.740625 0.046875 0.06875
32 0.6828125 0.740625 0.046875 0.0703125
28 0.7328125 0.7421875 0.04375 0.0671875
30 0.7984375 0.7421875 0.04375 0.0671875
24 0.415625 0.515625 0.028125 0.03125
24 0.621875 0.4828125 0.0390625 0.0203125
0 0.571875 0.35625 0.0265625 0.025
7 0.028125 0.265625 0.028125 0.0421875
31 0.2890625 0.284375 0.0265625 0.0296875
27 0.390625 0.259375 0.025 0.0296875
29 0.415625 0.259375 0.0234375 0.0328125
28 0.440625 0.259375 0.025 0.034375
32 0.465625 0.259375 0.021875 0.03125
32 0.4890625 0.2578125 0.025 0.03125
32 0.515625 0.2578125 0.021875 0.0296875
14 0.5390625 0.259375 0.021875 0.0328125
5 0.565625 0.259375 0.021875 0.0328125
2 0.5859375 0.2578125 0.025 0.0328125
10 0.6125 0.2578125 0.025 0.03125
10 0.6375 0.259375 0.028125 0.034375
7 0.6625 0.25625 0.0234375 0.0328125
1 0.6875 0.259375 0.025 0.0328125
30 0.8140625 0.3546875 0.0390625 0.0203125
26 0.81875 0.371875 0.04375 0.0203125
23 0.825 0.3921875 0.040625 0.01875
20 0.8296875 0.4125 0.0484375 0.021875
17 0.8328125 0.4328125 0.0484375 0.021875
5 0.8421875 0.453125 0.046875 0.0203125
25 0.8484375 0.4734375 0.053125 0.0234375
25 0.853125 0.496875 0.053125 0.025
22 0.8609375 0.5171875 0.0515625 0.021875
22 0.86875 0.54375 0.053125 0.0234375
19 0.875 0.5671875 0.05 0.025
16 0.8828125 0.5953125 0.0546875 0.025
0 0.8921875 0.6265625 0.053125 0.03125