24 0.8625 0.2578125 0.046875 0.071875
10 0.8125 0.2578125 0.0484375 0.06875
13 0.7609375 0.259375 0.046875 0.071875
22 0.7125 0.2578125 0.0453125 0.06875
2 0.6625 0.25625 0.046875 0.06875
2 0.6125 0.25625 0.046875 0.0703125
11 0.5640625 0.259375 0.046875 0.0734375
14 0.5125 0.2578125 0.0453125 0.06875
14 0.4625 0.2578125 0.046875 0.0703125
17 0.415625 0.2578125 0.046875 0.0703125
23 0.3640625 0.2578125 0.046875 0.071875
32 0.315625 0.259375 0.046875 0.071875
28 0.265625 0.2578125 0.046875 0.0703125
28 0.9734375 0.7359375 0.0328125 0.0421875
1 0.79375 0.7140625 0.0375 0.01875
22 0.796875 0.6984375 0.0390625 0.0171875
25 0.8015625 0.6828125 0.0375 0.0171875
25 0.80625 0.665625 0.0421875 0.0203125
5 0.8125 0.6484375 0.04375 0.021875
8 0.8171875 0.6296875 0.040625 0.0203125
14 0.8234375 0.6109375 0.04375 0.0203125
17 0.828125 0.59375 0.0421875 0.0203125
20 0.834375 0.5734375 0.040625 0.021875
26 0.840625 0.5515625 0.0421875 0.0265625
30 0.8453125 0.53125 0.04375 0.0234375
31 0.8515625 0.5109375 0.0421875 0.025
31 0.8609375 0.484375 0.05 0.0296875
31 0.8703125 0.4453125 0.0484375 0.0359375
28 0.609375 0.7421875 0.0265625 0.0296875
32 0.5859375 0.740625 0.0234375 0.0328125
26 0.559375 0.7421875 0.0234375 0.0359375
26 0.534375 0.740625 0.021875 0.03125
20 0.5109375 0.7421875 0.025 0.0359375
17 0.4859375 0.740625 0.025 0.0359375
11 0.4609375 0.7421875 0.028125 0.0328125
2 0.4359375 0.7421875 0.025 0.034375
16 0.4125 0.740625 0.0265625 0.0359375
13 0.3859375 0.740625 0.025 0.0328125
10 0.3625 0.74375 0.025 0.0328125
4 0.3375 0.7421875 0.025 0.0359375
24 0.3125 0.7421875 0.0265625 0.034375