3 0.146875 0.7359375 0.046875 0.0703125
4 0.1953125 0.7359375 0.046875 0.0703125
7 0.24375 0.7375 0.046875 0.0703125
10 0.29375 0.7375 0.0453125 0.0671875
21 0.6015625 0.7328125 0.046875 0.03125
15 0.6453125 0.728125 0.0375 0.0375
18 0.6828125 0.728125 0.0328125 0.0390625
23 0.725 0.7328125 0.05 0.0265625
20 0.76875 0.7265625 0.0328125 0.0375
26 0.8046875 0.7265625 0.0359375 0.0390625
28 0.8421875 0.7296875 0.040625 0.0375
28 0.88125 0.7265625 0.0421875 0.04375
28 0.9265625 0.7328125 0.0515625 0.03125
31 0.421875 0.5140625 0.0296875 0.028125
32 0.453125 0.5125 0.028125 0.028125
27 0.4859375 0.5140625 0.028125 0.028125
30 0.5484375 0.5140625 0.0328125 0.0296875
30 0.45 0.5796875 0.025 0.0359375
33 0.4171875 0.58125 0.0296875 0.0359375
22 0.58125 0.5125 0.0296875 0.0296875
12 0.584375 0.546875 0.0296875 0.0359375
8 0.5171875 0.515625 0.028125 0.0296875
16 0.4828125 0.5484375 0.0296875 0.0328125
10 0.515625 0.546875 0.0328125 0.034375
17 0.5515625 0.546875 0.03125 0.034375
9 0.4515625 0.546875 0.0296875 0.0328125
8 0.4171875 0.546875 0.028125 0.03125
0 0.0359375 0.265625 0.03125 0.0421875
3 0.2125 0.2859375 0.0375 0.015625
6 0.209375 0.3015625 0.0375 0.01875
6 0.2046875 0.3171875 0.0375 0.0171875
15 0.2 0.334375 0.0390625 0.0171875
15 0.1953125 0.35 0.0375 0.01875
14 0.1890625 0.3671875 0.040625 0.01875
14 0.184375 0.390625 0.0375 0.0296875
1 0.11875 0.5390625 0.04375 0.0265625
1 0.1109375 0.5671875 0.0453125 0.0265625
1 0.0921875 0.5953125 0.0390625 0.0328125
1 0.08125 0.628125 0.0421875 0.0359375
1 0.078125 0.6640625 0.0484375 0.03125
1 0.0703125 0.6984375 0.0578125 0.0390625
32 0.35 0.378125 0.0390625 0.01875
22 0.3484375 0.3984375 0.0390625 0.0171875
33 0.3453125 0.4171875 0.0359375 0.0203125
22 0.3421875 0.4390625 0.040625 0.0203125
27 0.3390625 0.459375 0.0390625 0.0203125
2 0.3359375 0.4875 0.040625 0.03125
17 0.378125 0.484375 0.040625 0.0296875
10 0.38125 0.4578125 0.040625 0.021875
19 0.384375 0.4359375 0.040625 0.0203125
5 0.3890625 0.378125 0.0359375 0.021875
29 0.3875 0.3984375 0.0375 0.01875
22 0.3859375 0.415625 0.0390625 0.01875
19 0.3953125 0.259375 0.025 0.03125
19 0.41875 0.259375 0.0234375 0.03125
13 0.44375 0.259375 0.0234375 0.0359375
10 0.46875 0.2578125 0.025 0.03125
7 0.4921875 0.259375 0.025 0.034375
4 0.5171875 0.2609375 0.025 0.0375
18 0.5421875 0.259375 0.025 0.0359375
18 0.5671875 0.259375 0.025 0.0296875
12 0.5921875 0.2578125 0.0234375 0.034375
12 0.615625 0.2609375 0.0234375 0.0328125
9 0.6390625 0.259375 0.025 0.0359375
24 0.4625 0.33125 0.025 0.021875
31 0.4328125 0.3609375 0.028125 0.0359375
26 0.4625 0.359375 0.0265625 0.034375
17 0.4890625 0.33125 0.0265625 0.025
23 0.5171875 0.33125 0.0234375 0.025
11 0.54375 0.33125 0.025 0.0265625
33 0.571875 0.33125 0.028125 0.0234375
2 0.4890625 0.359375 0.0234375 0.034375
2 0.515625 0.3625 0.0296875 0.0375
0 0.5453125 0.3609375 0.025 0.0359375
30 0.571875 0.3625 0.0296875 0.0390625
23 0.6140625 0.3765625 0.0375 0.021875
11 0.65 0.375 0.0375 0.01875
1 0.615625 0.396875 0.040625 0.01875
26 0.61875 0.4171875 0.0359375 0.01875
2 0.6203125 0.4375 0.040625 0.01875
30 0.6203125 0.459375 0.040625 0.021875
29 0.6234375 0.4859375 0.0421875 0.0296875
11 0.6671875 0.484375 0.034375 0.0421875
20 0.6625 0.453125 0.0421875 0.0203125
16 0.659375 0.4328125 0.040625 0.0203125
16 0.6578125 0.4125 0.0375 0.01875
16 0.6546875 0.39375 0.0375 0.0203125
17 0.8140625 0.35625 0.0421875 0.01875
14 0.81875 0.371875 0.0484375 0.015625
11 0.8234375 0.390625 0.0453125 0.0203125
25 0.8296875 0.409375 0.0453125 0.021875
25 0.8328125 0.428125 0.0484375 0.0203125
13 0.8421875 0.45 0.0453125 0.01875
13 0.8484375 0.471875 0.05 0.021875
13 0.85625 0.49375 0.0515625 0.021875
21 0.8625 0.5171875 0.0515625 0.0203125
18 0.8671875 0.540625 0.05 0.021875
15 0.8765625 0.565625 0.059375 0.025
6 0.88125 0.5890625 0.0546875 0.0265625
6 0.8890625 0.621875 0.0546875 0.0359375