3 0.2578125 0.1390625 0.0703125 0.05
15 0.2578125 0.1875 0.06875 0.046875
7 0.259375 0.2390625 0.0703125 0.0453125
7 0.2578125 0.2875 0.0703125 0.0453125
13 0.2578125 0.3375 0.06875 0.0453125
19 0.2578125 0.3875 0.071875 0.046875
33 0.2578125 0.4359375 0.06875 0.0453125
15 0.2578125 0.5015625 0.06875 0.04375
18 0.2625 0.7265625 0.028125 0.0484375
12 0.2671875 0.7671875 0.040625 0.0375
15 0.2671875 0.8046875 0.0390625 0.040625
21 0.2671875 0.84375 0.0375 0.0390625
21 0.26875 0.88125 0.0375 0.0421875
21 0.2640625 0.9265625 0.0328125 0.0515625
25 0.484375 0.4171875 0.0296875 0.028125
24 0.4859375 0.4484375 0.03125 0.0296875
1 0.484375 0.48125 0.0328125 0.0296875
28 0.4828125 0.515625 0.0296875 0.0296875
2 0.484375 0.546875 0.03125 0.028125
29 0.4828125 0.5796875 0.0296875 0.0296875
29 0.7359375 0.0265625 0.040625 0.0296875
27 0.7546875 0.221875 0.021875 0.0296875
27 0.7515625 0.2515625 0.0328125 0.021875
27 0.7515625 0.275 0.028125 0.021875
7 0.7515625 0.3 0.028125 0.0234375
4 0.7515625 0.3265625 0.0296875 0.0234375
1 0.753125 0.3546875 0.025 0.03125
6 0.7140625 0.2078125 0.0171875 0.0359375
9 0.7 0.203125 0.01875 0.0390625
12 0.6828125 0.1984375 0.01875 0.0375
4 0.665625 0.1921875 0.01875 0.040625
4 0.65 0.1890625 0.0203125 0.0421875
16 0.6296875 0.1828125 0.021875 0.046875
22 0.6125 0.178125 0.01875 0.0421875
22 0.5921875 0.1734375 0.0234375 0.0421875
2 0.571875 0.1671875 0.0234375 0.0484375
5 0.5515625 0.159375 0.021875 0.04375
8 0.53125 0.1546875 0.025 0.0453125
11 0.5078125 0.1484375 0.028125 0.0484375
14 0.4796875 0.1421875 0.0359375 0.053125
14 0.61875 0.3453125 0.028125 0.0390625
14 0.640625 0.4859375 0.0328125 0.0265625
23 0.58125 0.3828125 0.0171875 0.0375
23 0.5625 0.3796875 0.01875 0.0390625
23 0.58125 0.6171875 0.0203125 0.0421875
29 0.6203125 0.3859375 0.021875 0.0375
32 0.6046875 0.3828125 0.0203125 0.040625
31 0.540625 0.378125 0.0234375 0.0421875
26 0.515625 0.3734375 0.0328125 0.0453125
17 0.6421875 0.43125 0.0359375 0.028125
5 0.6421875 0.459375 0.0390625 0.028125
29 0.66875 0.4890625 0.025 0.0265625
20 0.6671875 0.5171875 0.025 0.0265625
0 0.6421875 0.5140625 0.034375 0.0296875
18 0.640625 0.54375 0.0359375 0.028125
6 0.6421875 0.571875 0.03125 0.028125
11 0.6703125 0.54375 0.025 0.025
26 0.6671875 0.5703125 0.0234375 0.025
32 0.7421875 0.5390625 0.0328125 0.025
33 0.7421875 0.565625 0.034375 0.025
33 0.74375 0.590625 0.0328125 0.0203125
16 0.7421875 0.6140625 0.0359375 0.025
16 0.7421875 0.640625 0.0328125 0.0265625
10 0.740625 0.6640625 0.0375 0.025
10 0.7421875 0.6875 0.0375 0.025
3 0.6203125 0.6125 0.01875 0.0375
3 0.6015625 0.6140625 0.0203125 0.040625
19 0.5609375 0.61875 0.021875 0.04375
0 0.5375 0.6203125 0.021875 0.0421875
12 0.5140625 0.621875 0.0296875 0.0390625
1 0.540625 0.6609375 0.025 0.0390625
28 0.5125 0.6625 0.0328125 0.046875
30 0.71875 0.8140625 0.015625 0.034375
31 0.703125 0.81875 0.01875 0.0375
31 0.6875 0.8234375 0.01875 0.040625
31 0.66875 0.834375 0.021875 0.0375
20 0.6484375 0.8375 0.01875 0.0421875
14 0.6296875 0.840625 0.0234375 0.046875
17 0.603125 0.8515625 0.03125 0.0359375
29 0.459375 0.871875 0.025 0.0453125
20 0.4328125 0.8765625 0.021875 0.0515625
2 0.40625 0.8828125 0.025 0.0515625
2 0.375 0.8921875 0.0375 0.0546875