3 0.140625 0.7390625 0.0484375 0.06875
9 0.1890625 0.7390625 0.046875 0.0703125
15 0.2390625 0.7390625 0.0453125 0.0703125
18 0.2890625 0.740625 0.046875 0.0703125
1 0.3359375 0.7421875 0.046875 0.071875
4 0.3875 0.7390625 0.0484375 0.06875
7 0.4359375 0.7390625 0.046875 0.0734375
10 0.4859375 0.7390625 0.0484375 0.0703125
20 0.534375 0.7390625 0.046875 0.0703125
26 0.584375 0.7390625 0.05 0.0703125
31 0.415625 0.5140625 0.028125 0.0296875
32 0.4484375 0.515625 0.028125 0.0328125
27 0.4796875 0.5171875 0.028125 0.03125
8 0.5125 0.5140625 0.03125 0.0328125
30 0.54375 0.5171875 0.028125 0.0328125
28 0.840625 0.73125 0.0390625 0.040625
28 0.8796875 0.73125 0.040625 0.0421875
28 0.921875 0.734375 0.053125 0.0296875
0 0.028125 0.2640625 0.028125 0.040625
5 0.3859375 0.378125 0.0359375 0.01875
29 0.38125 0.396875 0.0375 0.0203125
22 0.38125 0.4171875 0.0375 0.0234375
19 0.378125 0.4421875 0.0390625 0.028125
2 0.5140625 0.359375 0.0265625 0.03125
0 0.5421875 0.3609375 0.025 0.034375
30 0.56875 0.3578125 0.0265625 0.0328125
26 0.6140625 0.41875 0.0390625 0.0203125
2 0.6171875 0.4390625 0.040625 0.0203125
30 0.6203125 0.4609375 0.0390625 0.0203125
29 0.621875 0.4890625 0.0390625 0.0328125