0 0.259375 0.140625 0.0703125 0.0421875
3 0.2609375 0.1921875 0.0703125 0.05
6 0.259375 0.2390625 0.0734375 0.0484375
24 0.2609375 0.2890625 0.071875 0.0484375
1 0.259375 0.3390625 0.071875 0.046875
4 0.259375 0.3890625 0.075 0.0484375
7 0.259375 0.440625 0.075 0.0484375
25 0.2578125 0.4859375 0.071875 0.05
5 0.2609375 0.5375 0.0734375 0.046875
11 0.2609375 0.5859375 0.071875 0.0453125
14 0.259375 0.6359375 0.0734375 0.046875
14 0.259375 0.684375 0.071875 0.0484375
29 0.2609375 0.73125 0.0734375 0.05
32 0.484375 0.41875 0.03125 0.0265625
30 0.484375 0.4515625 0.0296875 0.0296875
27 0.484375 0.484375 0.03125 0.0296875
26 0.4859375 0.51875 0.0328125 0.0265625
31 0.484375 0.55 0.03125 0.03125
2 0.734375 0.0296875 0.0421875 0.0296875
2 0.3703125 0.0859375 0.03125 0.0546875
2 0.340625 0.078125 0.03125 0.0515625
2 0.303125 0.0578125 0.0484375 0.0453125
21 0.621875 0.3875 0.0203125 0.0390625
21 0.6015625 0.3828125 0.0203125 0.046875
31 0.58125 0.3828125 0.0203125 0.040625
24 0.5625 0.38125 0.0203125 0.04375
25 0.5390625 0.378125 0.028125 0.0453125
32 0.640625 0.4875 0.0296875 0.0296875
27 0.640625 0.515625 0.034375 0.028125
2 0.6390625 0.5421875 0.0375 0.028125
30 0.6390625 0.571875 0.0390625 0.03125
23 0.6015625 0.6125 0.01875 0.040625
32 0.5828125 0.615625 0.0234375 0.040625
30 0.5609375 0.615625 0.021875 0.0453125
1 0.540625 0.6203125 0.025 0.04375
26 0.5109375 0.621875 0.0296875 0.0453125