4 0.8546875 0.2625 0.0484375 0.06875
7 0.8046875 0.2609375 0.0453125 0.0703125
28 0.1515625 0.26875 0.05 0.0296875
28 0.109375 0.275 0.0359375 0.0421875
28 0.071875 0.271875 0.0453125 0.040625
25 0.4125 0.2640625 0.04375 0.06875
9 0.3484375 0.2640625 0.04375 0.06875
22 0.459375 0.2609375 0.0453125 0.0671875
19 0.509375 0.2625 0.0453125 0.0703125
13 0.5609375 0.2625 0.05 0.0703125
13 0.6078125 0.2625 0.0453125 0.065625
13 0.65625 0.2625 0.046875 0.0640625
10 0.70625 0.2625 0.04375 0.0625
10 0.75625 0.2640625 0.0484375 0.0703125
18 0.5796875 0.4859375 0.0265625 0.03125
6 0.5453125 0.4875 0.028125 0.03125
32 0.515625 0.484375 0.0265625 0.0328125
16 0.9640625 0.7328125 0.028125 0.0453125
0 0.7859375 0.715625 0.0359375 0.0171875
3 0.7890625 0.696875 0.0359375 0.0171875
9 0.7953125 0.6796875 0.0390625 0.01875
15 0.8 0.6640625 0.0390625 0.01875
18 0.8046875 0.646875 0.0390625 0.01875
4 0.809375 0.63125 0.0421875 0.021875
7 0.815625 0.6125 0.0421875 0.0203125
19 0.821875 0.59375 0.0421875 0.021875
22 0.825 0.5734375 0.040625 0.021875
22 0.834375 0.553125 0.04375 0.0234375
11 0.840625 0.53125 0.0453125 0.025
32 0.8484375 0.5109375 0.0484375 0.0234375
32 0.853125 0.484375 0.0359375 0.03125
29 0.6109375 0.6234375 0.0375 0.0203125
2 0.6125 0.603125 0.0375 0.021875
27 0.6140625 0.578125 0.0359375 0.028125
28 0.5109375 0.6390625 0.0265625 0.0375
27 0.4828125 0.640625 0.028125 0.034375
31 0.4546875 0.6390625 0.0234375 0.0375
2 0.428125 0.6390625 0.028125 0.0328125
25 0.3796875 0.5609375 0.0390625 0.0203125
24 0.378125 0.540625 0.0359375 0.0234375
29 0.3765625 0.5125 0.0421875 0.0359375
33 0.603125 0.740625 0.021875 0.03125
23 0.5796875 0.740625 0.0234375 0.03125
14 0.55625 0.7421875 0.025 0.0328125
8 0.53125 0.740625 0.021875 0.034375
16 0.5078125 0.7421875 0.0234375 0.028125
13 0.4828125 0.7421875 0.021875 0.03125
10 0.4578125 0.7390625 0.0234375 0.0328125
21 0.4328125 0.7421875 0.021875 0.0328125
21 0.409375 0.7421875 0.0234375 0.0296875
15 0.384375 0.740625 0.025 0.034375
15 0.3609375 0.740625 0.0234375 0.034375
12 0.3359375 0.740625 0.021875 0.0328125
9 0.3109375 0.7421875 0.025 0.034375
17 0.1859375 0.6453125 0.0375 0.0203125
14 0.18125 0.6265625 0.0359375 0.0203125
11 0.175 0.6078125 0.0421875 0.0203125
8 0.1703125 0.5875 0.040625 0.0203125
5 0.165625 0.56875 0.046875 0.01875
5 0.1609375 0.55 0.0453125 0.0203125
16 0.153125 0.5296875 0.046875 0.025
1 0.146875 0.50625 0.046875 0.0234375
1 0.140625 0.4828125 0.0484375 0.021875
9 0.134375 0.459375 0.0484375 0.0234375
6 0.1265625 0.434375 0.0515625 0.0234375
6 0.1171875 0.4078125 0.05 0.025
0 0.1109375 0.3796875 0.046875 0.03125