7 0.259375 0.140625 0.06875 0.046875
22 0.2609375 0.1890625 0.0703125 0.0421875
5 0.259375 0.240625 0.0671875 0.0421875
8 0.2609375 0.2890625 0.0703125 0.0453125
8 0.2609375 0.3375 0.0671875 0.046875
11 0.259375 0.3890625 0.06875 0.0453125
26 0.259375 0.4375 0.0703125 0.0453125
30 0.259375 0.4875 0.06875 0.0453125
30 0.2609375 0.5359375 0.071875 0.0453125
30 0.2609375 0.5859375 0.0703125 0.046875
32 0.2609375 0.6359375 0.06875 0.046875
29 0.2609375 0.684375 0.06875 0.046875
27 0.2609375 0.7328125 0.06875 0.0453125
8 0.4859375 0.4171875 0.0296875 0.0265625
1 0.4859375 0.4515625 0.0296875 0.0265625
22 0.484375 0.4828125 0.0296875 0.0296875
31 0.4515625 0.5140625 0.03125 0.0265625
31 0.4515625 0.4484375 0.03125 0.028125
19 0.4515625 0.4828125 0.0328125 0.0296875
11 0.484375 0.515625 0.0296875 0.028125
27 0.4828125 0.5453125 0.03125 0.028125
17 0.484375 0.578125 0.028125 0.0296875
22 0.4515625 0.58125 0.03125 0.028125
14 0.4515625 0.546875 0.0328125 0.03125
1 0.4515625 0.415625 0.03125 0.028125
4 0.41875 0.4140625 0.0359375 0.0296875
25 0.734375 0.0296875 0.040625 0.0265625
27 0.740625 0.3921875 0.03125 0.025
29 0.7421875 0.4171875 0.03125 0.0234375
31 0.7421875 0.4421875 0.03125 0.0234375
32 0.7421875 0.4671875 0.028125 0.0234375
33 0.740625 0.49375 0.0359375 0.025
33 0.7421875 0.5171875 0.034375 0.0203125
33 0.740625 0.540625 0.0296875 0.0234375
26 0.7421875 0.5640625 0.028125 0.0234375
2 0.740625 0.590625 0.03125 0.0234375
25 0.740625 0.6140625 0.0328125 0.0265625
24 0.7421875 0.6390625 0.03125 0.021875
24 0.740625 0.6625 0.0375 0.025
0 0.7390625 0.6890625 0.034375 0.025
23 0.6671875 0.80625 0.021875 0.0359375
15 0.646875 0.8140625 0.025 0.040625
15 0.6265625 0.81875 0.015625 0.0375
2 0.609375 0.825 0.0234375 0.046875
2 0.5875 0.8296875 0.021875 0.04375
25 0.5703125 0.834375 0.01875 0.04375
25 0.55 0.8421875 0.0234375 0.0421875
22 0.528125 0.8484375 0.01875 0.04375
19 0.5046875 0.8546875 0.025 0.053125
19 0.4796875 0.8609375 0.0234375 0.0546875
4 0.4578125 0.86875 0.0234375 0.0484375
1 0.4328125 0.8765625 0.025 0.0484375
1 0.4078125 0.8828125 0.025 0.0515625
1 0.378125 0.890625 0.0296875 0.053125
4 0.690625 0.56875 0.0203125 0.0265625
7 0.6671875 0.4328125 0.0234375 0.0265625
4 0.6671875 0.459375 0.0265625 0.0265625
10 0.66875 0.4875 0.0265625 0.025
20 0.66875 0.5140625 0.0265625 0.0234375
16 0.66875 0.5421875 0.0265625 0.028125
29 0.6671875 0.5703125 0.028125 0.028125
13 0.640625 0.43125 0.0328125 0.0296875
13 0.6390625 0.459375 0.0359375 0.028125
17 0.6390625 0.4875 0.034375 0.028125
19 0.6390625 0.5171875 0.0328125 0.0265625
11 0.6390625 0.54375 0.034375 0.0265625
23 0.640625 0.571875 0.0359375 0.028125
32 0.6203125 0.6125 0.021875 0.0359375
10 0.6234375 0.65 0.01875 0.040625
20 0.6015625 0.6515625 0.0171875 0.0421875
23 0.6 0.6140625 0.0203125 0.0390625
26 0.5796875 0.615625 0.021875 0.0390625
11 0.58125 0.65625 0.021875 0.0421875
0 0.5609375 0.6171875 0.021875 0.0421875
14 0.5609375 0.6578125 0.021875 0.040625
27 0.540625 0.6203125 0.0234375 0.0375
24 0.5125 0.6234375 0.03125 0.0421875
32 0.5140625 0.6640625 0.03125 0.0421875
5 0.5140625 0.70625 0.03125 0.040625
24 0.5390625 0.6625 0.0234375 0.0390625