0 0.259375 0.1421875 0.0671875 0.0453125
0 0.2578125 0.190625 0.071875 0.0453125
6 0.2578125 0.240625 0.0703125 0.0453125
18 0.259375 0.290625 0.0671875 0.0453125
7 0.2578125 0.3390625 0.06875 0.0484375
2 0.259375 0.390625 0.0703125 0.0453125
2 0.259375 0.4390625 0.071875 0.04375
5 0.259375 0.4859375 0.071875 0.046875
14 0.2578125 0.5359375 0.0703125 0.0453125
20 0.2578125 0.584375 0.06875 0.046875
33 0.2578125 0.6359375 0.06875 0.0453125
32 0.2578125 0.684375 0.0703125 0.04375
28 0.2578125 0.734375 0.06875 0.0453125
3 0.7328125 0.03125 0.040625 0.0265625
0 0.7125 0.209375 0.015625 0.0359375
15 0.6984375 0.2046875 0.0171875 0.0375
18 0.68125 0.2 0.015625 0.0390625
1 0.665625 0.1953125 0.0171875 0.0359375
4 0.6484375 0.1890625 0.01875 0.0375
4 0.6296875 0.1828125 0.021875 0.040625
22 0.6125 0.1796875 0.0171875 0.040625
22 0.59375 0.1734375 0.0171875 0.0375
25 0.5734375 0.1671875 0.01875 0.0390625
2 0.5515625 0.1609375 0.0203125 0.0421875
8 0.53125 0.15625 0.021875 0.040625
23 0.509375 0.1484375 0.021875 0.0421875
26 0.484375 0.1421875 0.0296875 0.0421875
30 0.446875 0.13125 0.03125 0.0453125
28 0.7390625 0.390625 0.0296875 0.025
31 0.740625 0.4171875 0.0296875 0.0234375
30 0.740625 0.4421875 0.028125 0.0234375
30 0.740625 0.465625 0.0328125 0.0234375
26 0.740625 0.490625 0.0328125 0.0234375
20 0.740625 0.515625 0.0328125 0.0234375
20 0.740625 0.540625 0.0328125 0.0234375
17 0.740625 0.5640625 0.0296875 0.021875
17 0.7421875 0.5875 0.0296875 0.0234375
11 0.740625 0.6140625 0.0328125 0.0234375
8 0.7421875 0.6375 0.028125 0.0265625
12 0.740625 0.6625 0.03125 0.0234375
12 0.740625 0.6875 0.0328125 0.025
27 0.6421875 0.8125 0.01875 0.040625
27 0.6265625 0.8171875 0.015625 0.04375
32 0.6078125 0.8234375 0.0171875 0.04375
11 0.5890625 0.8265625 0.0203125 0.04375
11 0.5671875 0.834375 0.01875 0.046875
8 0.546875 0.840625 0.0203125 0.0484375
5 0.5265625 0.8484375 0.01875 0.0484375
24 0.5046875 0.8546875 0.0234375 0.0484375
15 0.48125 0.8609375 0.0203125 0.0453125
12 0.4578125 0.86875 0.0234375 0.05
6 0.4328125 0.8734375 0.025 0.0515625
3 0.4078125 0.88125 0.0234375 0.05
0 0.375 0.8890625 0.0359375 0.05