18 0.8578125 0.2609375 0.046875 0.071875
18 0.809375 0.259375 0.0453125 0.0703125
24 0.759375 0.2609375 0.046875 0.0703125
24 0.709375 0.2609375 0.04375 0.065625
9 0.396875 0.2671875 0.046875 0.0296875
9 0.35625 0.271875 0.0359375 0.0390625
9 0.3171875 0.271875 0.0375 0.040625
7 0.275 0.2640625 0.046875 0.0265625
7 0.2328125 0.2703125 0.0375 0.0390625
7 0.1984375 0.2703125 0.040625 0.0359375
31 0.1578125 0.271875 0.0390625 0.040625
31 0.1125 0.265625 0.0484375 0.028125
31 0.0703125 0.2703125 0.0421875 0.0390625
26 0.58125 0.4859375 0.025 0.0265625
32 0.5171875 0.484375 0.028125 0.025
30 0.484375 0.4859375 0.0265625 0.028125
33 0.4546875 0.484375 0.028125 0.028125
30 0.4203125 0.4859375 0.0296875 0.0296875
6 0.4203125 0.4515625 0.028125 0.0296875
21 0.453125 0.453125 0.028125 0.028125
16 0.4859375 0.453125 0.0296875 0.034375
22 0.51875 0.45 0.028125 0.034375
4 0.51875 0.415625 0.0296875 0.0390625
13 0.553125 0.4171875 0.0296875 0.034375
13 0.5859375 0.41875 0.028125 0.0328125
16 0.5828125 0.453125 0.028125 0.0296875
1 0.55 0.484375 0.0265625 0.028125
2 0.5515625 0.4515625 0.028125 0.0328125
29 0.9703125 0.7359375 0.028125 0.0421875
0 0.790625 0.7140625 0.034375 0.0171875
0 0.7953125 0.7 0.0359375 0.015625
0 0.8 0.684375 0.0375 0.015625
9 0.803125 0.6671875 0.0390625 0.015625
12 0.809375 0.65 0.0375 0.01875
15 0.8140625 0.6328125 0.040625 0.0203125
8 0.8203125 0.6125 0.04375 0.0203125
11 0.8265625 0.5953125 0.04375 0.021875
11 0.83125 0.5734375 0.04375 0.0171875
14 0.8375 0.553125 0.0421875 0.0234375
17 0.8453125 0.534375 0.046875 0.0203125
26 0.85 0.5109375 0.046875 0.0234375
26 0.8578125 0.484375 0.0421875 0.03125
7 0.6890625 0.621875 0.0359375 0.0203125
4 0.69375 0.5984375 0.0390625 0.0265625
22 0.6515625 0.621875 0.0359375 0.0203125
3 0.6546875 0.6015625 0.0359375 0.01875
11 0.6578125 0.5796875 0.0296875 0.0265625
28 0.659375 0.55625 0.0375 0.0203125
29 0.6625 0.5359375 0.040625 0.0203125
19 0.665625 0.5109375 0.040625 0.0296875
2 0.6125 0.6234375 0.040625 0.0171875
32 0.615625 0.603125 0.0375 0.021875
28 0.61875 0.58125 0.0390625 0.0203125
27 0.61875 0.5640625 0.0390625 0.021875
23 0.621875 0.540625 0.0375 0.021875
15 0.6234375 0.5140625 0.0390625 0.028125
26 0.6078125 0.74375 0.025 0.0328125
23 0.5828125 0.7421875 0.0234375 0.0328125
20 0.559375 0.7421875 0.0234375 0.034375
16 0.5328125 0.74375 0.0234375 0.03125
16 0.509375 0.7421875 0.0265625 0.0328125
10 0.484375 0.7421875 0.0234375 0.03125
10 0.4609375 0.74375 0.025 0.0328125
10 0.434375 0.7421875 0.025 0.0328125
4 0.409375 0.74375 0.025 0.03125
4 0.3859375 0.74375 0.025 0.034375
18 0.3625 0.7421875 0.0234375 0.034375
15 0.3359375 0.7421875 0.025 0.0359375
12 0.3109375 0.7421875 0.025 0.03125
27 0.509375 0.6921875 0.0265625 0.021875
8 0.484375 0.6921875 0.025 0.0234375
33 0.4578125 0.690625 0.0265625 0.021875
33 0.43125 0.6921875 0.0265625 0.021875
3 0.565625 0.6671875 0.025 0.021875
27 0.5671875 0.6390625 0.0265625 0.034375
33 0.5390625 0.6390625 0.0265625 0.034375
22 0.5375 0.66875 0.0265625 0.025
25 0.5109375 0.66875 0.0234375 0.0234375
1 0.5125 0.640625 0.025 0.0328125
30 0.484375 0.640625 0.0265625 0.028125
3 0.484375 0.66875 0.025 0.0234375
15 0.45625 0.66875 0.025 0.0203125
32 0.45625 0.6390625 0.028125 0.03125
29 0.4296875 0.66875 0.025 0.021875
24 0.428125 0.6390625 0.0265625 0.0328125
22 0.3859375 0.621875 0.0375 0.01875
16 0.3859375 0.603125 0.0359375 0.021875
10 0.384375 0.5828125 0.0390625 0.01875
23 0.38125 0.5609375 0.040625 0.0234375
21 0.38125 0.540625 0.040625 0.0203125
1 0.378125 0.5140625 0.0421875 0.028125
13 0.3359375 0.5140625 0.040625 0.03125
29 0.3375 0.540625 0.0390625 0.021875
18 0.340625 0.5625 0.0390625 0.0203125
0 0.34375 0.5828125 0.0359375 0.0171875
32 0.346875 0.603125 0.0390625 0.0203125
3 0.3484375 0.621875 0.0359375 0.01875
19 0.3046875 0.58125 0.0390625 0.01875
19 0.3015625 0.5625 0.0375 0.0203125
28 0.2984375 0.540625 0.0421875 0.0203125
6 0.2953125 0.5125 0.040625 0.03125
27 0.1703125 0.590625 0.04375 0.0171875
20 0.1640625 0.5703125 0.04375 0.021875
17 0.1578125 0.55 0.0453125 0.0203125
14 0.1515625 0.528125 0.046875 0.0203125
8 0.146875 0.50625 0.0515625 0.0203125
5 0.1390625 0.4828125 0.046875 0.025
5 0.13125 0.459375 0.05 0.0234375
2 0.125 0.4359375 0.05 0.021875
2 0.1171875 0.409375 0.05 0.0234375
12 0.1109375 0.378125 0.053125 0.0359375