0 0.7390625 0.8578125 0.0671875 0.046875
0 0.7390625 0.8078125 0.0703125 0.0453125
10 0.7390625 0.7578125 0.0671875 0.046875
22 0.7375 0.7078125 0.071875 0.046875
22 0.7359375 0.6625 0.0734375 0.0484375
2 0.7375 0.6078125 0.0734375 0.05
17 0.7375 0.559375 0.075 0.046875
23 0.7375 0.509375 0.071875 0.0453125
23 0.7359375 0.4625 0.071875 0.05
33 0.7390625 0.415625 0.071875 0.05
30 0.7390625 0.3640625 0.071875 0.0484375
30 0.7390625 0.315625 0.06875 0.05
32 0.7390625 0.2640625 0.0734375 0.05
4 0.265625 0.9671875 0.04375 0.0296875
3 0.2859375 0.7890625 0.0171875 0.034375
15 0.303125 0.790625 0.01875 0.0359375
18 0.31875 0.7984375 0.01875 0.0359375
24 0.334375 0.803125 0.01875 0.0421875
10 0.3515625 0.809375 0.0203125 0.0390625
16 0.36875 0.8125 0.01875 0.0390625
25 0.3859375 0.8171875 0.021875 0.0390625
2 0.40625 0.8234375 0.0234375 0.0390625
8 0.4265625 0.83125 0.021875 0.040625
26 0.446875 0.8359375 0.021875 0.0421875
26 0.465625 0.840625 0.021875 0.0390625
32 0.4890625 0.846875 0.025 0.040625
31 0.515625 0.8546875 0.0359375 0.0453125
29 0.5515625 0.86875 0.0328125 0.04375
27 0.3546875 0.1859375 0.0171875 0.0421875
27 0.259375 0.6078125 0.028125 0.025
29 0.2609375 0.58125 0.034375 0.0234375
28 0.2578125 0.5578125 0.028125 0.028125
30 0.259375 0.5328125 0.028125 0.025
23 0.2578125 0.5078125 0.034375 0.0234375
5 0.259375 0.484375 0.03125 0.0234375
5 0.4109375 0.1703125 0.0171875 0.0390625
14 0.3734375 0.18125 0.01875 0.0375
14 0.390625 0.1765625 0.0140625 0.046875
2 0.428125 0.165625 0.0203125 0.040625
13 0.2578125 0.4578125 0.0296875 0.025
13 0.2578125 0.434375 0.0328125 0.0234375
4 0.2578125 0.409375 0.034375 0.025
21 0.259375 0.384375 0.034375 0.0234375
12 0.2578125 0.3609375 0.03125 0.0234375
9 0.259375 0.3359375 0.03125 0.0234375
0 0.25625 0.3109375 0.03125 0.025
25 0.45 0.1578125 0.0203125 0.0453125
10 0.4703125 0.153125 0.0234375 0.046875
7 0.49375 0.1453125 0.0203125 0.046875
1 0.5171875 0.1390625 0.0234375 0.046875
21 0.5421875 0.1296875 0.0234375 0.0484375
18 0.565625 0.125 0.0265625 0.0515625
15 0.5921875 0.1171875 0.0296875 0.0484375
6 0.621875 0.109375 0.0328125 0.0546875