0 0.14375 0.7390625 0.046875 0.071875
1 0.1953125 0.7390625 0.0453125 0.0703125
1 0.2453125 0.7390625 0.0453125 0.0703125
7 0.29375 0.7390625 0.046875 0.071875
7 0.3421875 0.7390625 0.046875 0.06875
5 0.390625 0.7390625 0.04375 0.0703125
14 0.4390625 0.7390625 0.04375 0.06875
23 0.490625 0.740625 0.0453125 0.0703125
32 0.5390625 0.7390625 0.046875 0.0703125
32 0.5890625 0.7390625 0.046875 0.0703125
31 0.6390625 0.7390625 0.04375 0.0703125
29 0.6859375 0.7375 0.046875 0.071875
27 0.7375 0.7390625 0.0453125 0.0703125
16 0.0328125 0.2640625 0.028125 0.04375
4 0.2109375 0.2859375 0.034375 0.0171875
7 0.2078125 0.3015625 0.0375 0.0171875
16 0.203125 0.3171875 0.0375 0.0171875
19 0.196875 0.334375 0.0421875 0.01875
22 0.1921875 0.3515625 0.040625 0.0203125
22 0.1875 0.3671875 0.0390625 0.01875
2 0.18125 0.3859375 0.0421875 0.0203125
8 0.1765625 0.40625 0.04375 0.0203125
14 0.171875 0.4265625 0.04375 0.0203125
33 0.1671875 0.446875 0.0453125 0.021875
30 0.159375 0.4671875 0.0453125 0.021875
32 0.1515625 0.4890625 0.04375 0.021875
29 0.1453125 0.5171875 0.04375 0.034375
28 0.3578125 0.259375 0.0265625 0.034375
23 0.39375 0.259375 0.0234375 0.0296875
20 0.4203125 0.2578125 0.025 0.0296875
17 0.44375 0.2578125 0.025 0.0328125
11 0.46875 0.2578125 0.0234375 0.034375
8 0.4921875 0.259375 0.025 0.0328125
25 0.5171875 0.259375 0.0265625 0.034375
19 0.5421875 0.259375 0.025 0.0375
19 0.565625 0.259375 0.0234375 0.0375
10 0.5921875 0.259375 0.025 0.034375
10 0.615625 0.259375 0.0265625 0.034375
4 0.640625 0.259375 0.025 0.034375
1 0.665625 0.259375 0.0265625 0.0328125
24 0.6890625 0.259375 0.0265625 0.0375