0 0.15 0.7359375 0.0484375 0.0671875
16 0.1984375 0.7359375 0.0453125 0.0671875
22 0.2484375 0.7375 0.04375 0.06875
11 0.296875 0.7359375 0.0453125 0.06875
14 0.3453125 0.7359375 0.0484375 0.0671875
33 0.3953125 0.7390625 0.04375 0.0671875
30 0.44375 0.7375 0.0421875 0.0671875
32 0.4921875 0.7359375 0.0421875 0.065625
31 0.540625 0.7359375 0.0453125 0.06875
28 0.5890625 0.7359375 0.0453125 0.0671875
27 0.6375 0.7359375 0.0421875 0.0703125
27 0.6875 0.734375 0.04375 0.06875
27 0.7359375 0.7359375 0.0453125 0.06875
17 0.0390625 0.265625 0.0265625 0.0390625
32 0.140625 0.5515625 0.0453125 0.0375
32 0.15 0.5125 0.0453125 0.03125
33 0.1578125 0.4890625 0.0453125 0.025
33 0.1640625 0.465625 0.0453125 0.0234375
33 0.1703125 0.446875 0.0453125 0.0234375
24 0.215625 0.2875 0.0390625 0.0171875
1 0.2125 0.303125 0.034375 0.0171875
13 0.2078125 0.31875 0.0390625 0.015625
16 0.203125 0.334375 0.0375 0.015625
19 0.196875 0.35 0.0390625 0.0203125
2 0.1921875 0.371875 0.0421875 0.0203125
17 0.1875 0.3875 0.0421875 0.0234375
20 0.1828125 0.4078125 0.040625 0.0203125
26 0.1765625 0.4265625 0.04375 0.0234375
29 0.3984375 0.2625 0.025 0.03125
28 0.421875 0.259375 0.0265625 0.0296875
30 0.446875 0.2609375 0.021875 0.03125
26 0.4703125 0.2609375 0.0234375 0.0296875
20 0.4953125 0.2609375 0.025 0.0328125
14 0.5203125 0.259375 0.021875 0.028125
8 0.54375 0.2609375 0.025 0.0296875
5 0.5671875 0.2609375 0.025 0.0359375
5 0.5921875 0.2609375 0.0234375 0.0328125
19 0.6171875 0.2609375 0.0234375 0.0328125
13 0.6421875 0.259375 0.0234375 0.0328125
4 0.665625 0.2609375 0.0234375 0.03125
24 0.690625 0.2609375 0.0234375 0.0328125