30 0.5765625 0.4828125 0.0265625 0.03125
19 0.5453125 0.484375 0.028125 0.028125
19 0.5125 0.484375 0.028125 0.0265625
6 0.85 0.2640625 0.04375 0.06875
9 0.7984375 0.2625 0.0453125 0.071875
9 0.7515625 0.2640625 0.046875 0.06875
15 0.703125 0.2625 0.04375 0.071875
18 0.653125 0.2640625 0.0421875 0.06875
5 0.60625 0.2625 0.046875 0.06875
8 0.55625 0.2640625 0.0453125 0.0671875
14 0.278125 0.26875 0.0515625 0.028125
11 0.2328125 0.271875 0.0375 0.0421875
17 0.1953125 0.2734375 0.0390625 0.0390625
23 0.153125 0.26875 0.05 0.028125
17 0.1109375 0.275 0.0375 0.0375
20 0.075 0.275 0.04375 0.0390625
3 0.5484375 0.453125 0.03125 0.034375
24 0.5140625 0.453125 0.0296875 0.0328125
1 0.48125 0.484375 0.0328125 0.0296875
31 0.4484375 0.4859375 0.0296875 0.028125
1 0.4171875 0.4859375 0.03125 0.028125
10 0.578125 0.453125 0.0328125 0.034375
32 0.959375 0.73125 0.0265625 0.04375
33 0.9046875 0.371875 0.0484375 0.03125
33 0.9234375 0.34375 0.0328125 0.0359375
33 0.9234375 0.303125 0.0609375 0.0359375
21 0.159375 0.5484375 0.0453125 0.0203125
21 0.1546875 0.5265625 0.0453125 0.01875
21 0.146875 0.50625 0.0515625 0.0203125
15 0.140625 0.4828125 0.0515625 0.0203125
12 0.134375 0.459375 0.046875 0.025
12 0.1265625 0.434375 0.05 0.025
9 0.11875 0.409375 0.0515625 0.025
6 0.1109375 0.378125 0.0546875 0.034375
8 0.1828125 0.7 0.034375 0.0140625
5 0.178125 0.684375 0.040625 0.0171875
2 0.1703125 0.659375 0.0328125 0.0328125
25 0.340625 0.5609375 0.040625 0.021875
17 0.3359375 0.5390625 0.0421875 0.021875
0 0.334375 0.5109375 0.0390625 0.034375
23 0.3859375 0.6203125 0.0375 0.0203125
26 0.384375 0.6 0.040625 0.021875
7 0.38125 0.5796875 0.0390625 0.0203125
25 0.38125 0.559375 0.0421875 0.0203125
27 0.3796875 0.5390625 0.0390625 0.01875
31 0.3765625 0.5140625 0.0421875 0.028125
15 0.7828125 0.7125 0.0359375 0.015625
18 0.7875 0.6953125 0.034375 0.0171875
21 0.790625 0.68125 0.034375 0.0140625
10 0.796875 0.6640625 0.0359375 0.015625
13 0.8015625 0.6484375 0.0375 0.01875
8 0.8078125 0.6296875 0.0359375 0.01875
11 0.8125 0.6109375 0.0375 0.01875
14 0.81875 0.59375 0.040625 0.01875
20 0.8234375 0.5734375 0.0390625 0.01875
20 0.8296875 0.5484375 0.0390625 0.028125
18 0.646875 0.6203125 0.0359375 0.01875
22 0.6484375 0.596875 0.034375 0.025
27 0.6078125 0.6203125 0.0359375 0.021875
6 0.609375 0.6015625 0.0359375 0.0203125
1 0.6125 0.58125 0.034375 0.0203125
4 0.6140625 0.5625 0.0375 0.0203125
31 0.615625 0.5390625 0.0390625 0.0234375
0 0.61875 0.5140625 0.0375 0.028125
32 0.603125 0.7375 0.025 0.0296875
32 0.578125 0.7390625 0.021875 0.028125
30 0.553125 0.7390625 0.0234375 0.0296875
30 0.528125 0.7375 0.0234375 0.03125
30 0.5046875 0.7390625 0.0234375 0.03125
16 0.48125 0.7390625 0.021875 0.0296875
13 0.4578125 0.7390625 0.0234375 0.0328125
10 0.4328125 0.7390625 0.0234375 0.0296875
7 0.4078125 0.7390625 0.0265625 0.0296875
4 0.384375 0.7375 0.0234375 0.0359375
1 0.3609375 0.7375 0.0234375 0.0328125
12 0.3359375 0.7390625 0.0234375 0.028125
12 0.3109375 0.7390625 0.021875 0.0265625
28 0.4890625 0.6640625 0.0265625 0.021875
3 0.4609375 0.6640625 0.025 0.0234375
11 0.4296875 0.6640625 0.0328125 0.01875
20 0.5609375 0.6375 0.025 0.034375
4 0.534375 0.6375 0.0265625 0.034375
3 0.5078125 0.6375 0.025 0.0359375
0 0.4796875 0.6375 0.025 0.034375
2 0.453125 0.6375 0.0265625 0.0328125
31 0.425 0.6375 0.0265625 0.0328125