0 0.259375 0.14375 0.06875 0.0453125
4 0.259375 0.19375 0.0703125 0.046875
10 0.259375 0.2421875 0.0703125 0.046875
13 0.259375 0.2921875 0.06875 0.046875
16 0.2609375 0.340625 0.071875 0.0453125
16 0.259375 0.3890625 0.06875 0.0453125
11 0.259375 0.4390625 0.06875 0.0453125
33 0.259375 0.4890625 0.0671875 0.0453125
33 0.259375 0.5390625 0.0671875 0.0453125
30 0.2609375 0.5875 0.0703125 0.0421875
31 0.2609375 0.6375 0.0703125 0.0453125
28 0.259375 0.6859375 0.0703125 0.046875
27 0.259375 0.734375 0.071875 0.04375
4 0.7328125 0.03125 0.0421875 0.03125
27 0.7390625 0.3921875 0.0328125 0.028125
30 0.7421875 0.41875 0.0296875 0.025
26 0.740625 0.4421875 0.0375 0.0265625
20 0.7390625 0.4671875 0.0328125 0.025
17 0.740625 0.490625 0.034375 0.0265625
17 0.740625 0.515625 0.034375 0.0234375
14 0.740625 0.540625 0.0390625 0.0265625
14 0.7390625 0.565625 0.034375 0.025
11 0.740625 0.590625 0.0359375 0.0265625
13 0.740625 0.615625 0.0390625 0.0265625
1 0.7421875 0.6390625 0.0359375 0.0265625
1 0.7421875 0.6640625 0.034375 0.025
1 0.740625 0.6890625 0.0328125 0.0265625
31 0.6671875 0.80625 0.021875 0.040625
32 0.64375 0.8140625 0.015625 0.0421875
17 0.625 0.81875 0.015625 0.04375
8 0.60625 0.8265625 0.01875 0.0453125
5 0.5875 0.8328125 0.021875 0.0453125
5 0.5671875 0.8359375 0.01875 0.04375
25 0.5484375 0.84375 0.0203125 0.0453125
22 0.5265625 0.8484375 0.01875 0.046875
19 0.5046875 0.8546875 0.0203125 0.0484375
19 0.48125 0.8625 0.025 0.046875
10 0.4578125 0.86875 0.021875 0.053125
24 0.43125 0.8765625 0.025 0.0546875
24 0.40625 0.884375 0.025 0.0546875
24 0.375 0.890625 0.0359375 0.053125