0 0.14375 0.740625 0.0453125 0.06875
4 0.19375 0.740625 0.046875 0.0703125
10 0.2421875 0.740625 0.046875 0.0703125
13 0.2921875 0.740625 0.046875 0.06875
16 0.340625 0.7390625 0.0453125 0.071875
16 0.3890625 0.740625 0.0453125 0.06875
11 0.4390625 0.740625 0.0453125 0.06875
33 0.4890625 0.740625 0.0453125 0.0671875
33 0.5390625 0.740625 0.0453125 0.0671875
30 0.5875 0.7390625 0.0421875 0.0703125
31 0.6375 0.7390625 0.0453125 0.0703125
28 0.6859375 0.740625 0.046875 0.0703125
27 0.734375 0.740625 0.04375 0.071875
4 0.03125 0.2671875 0.03125 0.0421875
27 0.3921875 0.2609375 0.028125 0.0328125
30 0.41875 0.2578125 0.025 0.0296875
26 0.4421875 0.259375 0.0265625 0.0375
20 0.4671875 0.2609375 0.025 0.0328125
17 0.490625 0.259375 0.0265625 0.034375
17 0.515625 0.259375 0.0234375 0.034375
14 0.540625 0.259375 0.0265625 0.0390625
14 0.565625 0.2609375 0.025 0.034375
11 0.590625 0.259375 0.0265625 0.0359375
13 0.615625 0.259375 0.0265625 0.0390625
1 0.6390625 0.2578125 0.0265625 0.0359375
1 0.6640625 0.2578125 0.025 0.034375
1 0.6890625 0.259375 0.0265625 0.0328125
31 0.80625 0.3328125 0.040625 0.021875
32 0.8140625 0.35625 0.0421875 0.015625
17 0.81875 0.375 0.04375 0.015625
8 0.8265625 0.39375 0.0453125 0.01875
5 0.8328125 0.4125 0.0453125 0.021875
5 0.8359375 0.4328125 0.04375 0.01875
25 0.84375 0.4515625 0.0453125 0.0203125
22 0.8484375 0.4734375 0.046875 0.01875
19 0.8546875 0.4953125 0.0484375 0.0203125
19 0.8625 0.51875 0.046875 0.025
10 0.86875 0.5421875 0.053125 0.021875
24 0.8765625 0.56875 0.0546875 0.025
24 0.884375 0.59375 0.0546875 0.025
24 0.890625 0.625 0.053125 0.0359375