4 0.7421875 0.859375 0.0671875 0.046875
4 0.740625 0.809375 0.06875 0.046875
7 0.7421875 0.7609375 0.06875 0.04375
10 0.7421875 0.709375 0.06875 0.046875
10 0.7421875 0.6609375 0.0703125 0.0484375
16 0.7421875 0.6109375 0.06875 0.0484375
19 0.7421875 0.5609375 0.071875 0.046875
2 0.74375 0.5125 0.071875 0.046875
8 0.740625 0.4640625 0.06875 0.0453125
8 0.7421875 0.4140625 0.071875 0.046875
11 0.74375 0.365625 0.0703125 0.0453125
17 0.740625 0.315625 0.06875 0.0484375
20 0.74375 0.265625 0.06875 0.0484375
32 0.5203125 0.5828125 0.0296875 0.0265625
30 0.51875 0.55 0.028125 0.025
0 0.51875 0.5203125 0.0296875 0.028125
27 0.51875 0.4859375 0.03125 0.025
2 0.51875 0.4546875 0.028125 0.028125
23 0.26875 0.96875 0.0453125 0.0296875
23 0.4484375 0.8375 0.01875 0.040625
23 0.4703125 0.8421875 0.0203125 0.040625
28 0.49375 0.8484375 0.021875 0.0421875
27 0.51875 0.859375 0.034375 0.0453125
23 0.428125 0.83125 0.0265625 0.0390625
17 0.409375 0.825 0.0234375 0.040625
17 0.390625 0.821875 0.0234375 0.0375
17 0.371875 0.815625 0.021875 0.0359375
25 0.353125 0.809375 0.021875 0.0375
25 0.3359375 0.80625 0.01875 0.0375
22 0.321875 0.8 0.01875 0.0359375
22 0.30625 0.7953125 0.01875 0.0375
16 0.290625 0.790625 0.0203125 0.0359375
24 0.246875 0.7765625 0.021875 0.0296875
24 0.253125 0.7484375 0.03125 0.0203125
24 0.253125 0.7234375 0.03125 0.021875
31 0.2875 0.7109375 0.034375 0.0265625
7 0.3796875 0.6125 0.021875 0.0375
8 0.3984375 0.615625 0.0203125 0.040625
30 0.41875 0.615625 0.01875 0.04375
30 0.4421875 0.61875 0.025 0.0390625
23 0.3625 0.540625 0.034375 0.03125
14 0.3625 0.5140625 0.0375 0.0296875
32 0.3609375 0.4859375 0.0328125 0.0296875
0 0.3625 0.4546875 0.0359375 0.0265625
5 0.3625 0.4296875 0.0375 0.028125
28 0.2625 0.534375 0.034375 0.0265625
28 0.2609375 0.509375 0.034375 0.021875
28 0.2609375 0.4859375 0.0328125 0.021875
22 0.2625 0.4609375 0.034375 0.028125
19 0.259375 0.434375 0.028125 0.0234375
13 0.259375 0.4109375 0.0328125 0.021875
13 0.2609375 0.3859375 0.03125 0.0234375
13 0.259375 0.3625 0.03125 0.0265625
10 0.2609375 0.3375 0.03125 0.0265625
7 0.2609375 0.3125 0.0328125 0.0265625