30 0.4859375 0.4140625 0.03125 0.025
6 0.2578125 0.1359375 0.06875 0.0421875
25 0.484375 0.4484375 0.0328125 0.0296875
30 0.4828125 0.54375 0.03125 0.028125
6 0.2578125 0.1859375 0.0703125 0.046875
18 0.2578125 0.2359375 0.0671875 0.04375
13 0.2578125 0.2875 0.071875 0.04375
11 0.259375 0.3359375 0.0703125 0.04375
14 0.2578125 0.3875 0.0703125 0.046875
17 0.2578125 0.434375 0.0671875 0.04375
20 0.2578125 0.4859375 0.071875 0.046875
20 0.2578125 0.534375 0.071875 0.0453125
30 0.2578125 0.584375 0.06875 0.046875
6 0.2625 0.8484375 0.0296875 0.0515625
3 0.2671875 0.8921875 0.0421875 0.0390625
9 0.2671875 0.9296875 0.0390625 0.04375
12 0.415625 0.515625 0.0328125 0.0265625
21 0.4515625 0.546875 0.0296875 0.028125
22 0.4515625 0.58125 0.0328125 0.0265625
28 0.484375 0.4796875 0.0328125 0.0296875
1 0.4515625 0.48125 0.03125 0.028125
1 0.45 0.515625 0.0328125 0.028125
29 0.4828125 0.5109375 0.03125 0.0265625
28 0.4828125 0.5765625 0.03125 0.0296875
7 0.4515625 0.4484375 0.0296875 0.0296875
7 0.4171875 0.4796875 0.0328125 0.0328125
1 0.415625 0.44375 0.0296875 0.0328125
2 0.4515625 0.4140625 0.034375 0.0296875
29 0.415625 0.409375 0.03125 0.03125
33 0.7359375 0.0234375 0.04375 0.0296875
32 0.7515625 0.2171875 0.0296875 0.0203125
32 0.7515625 0.240625 0.0328125 0.0234375
32 0.75625 0.2703125 0.0265625 0.03125
23 0.7421875 0.4640625 0.03125 0.025
20 0.74375 0.4890625 0.034375 0.025
17 0.74375 0.5140625 0.034375 0.0265625
8 0.7421875 0.5390625 0.0328125 0.0234375
8 0.7421875 0.5640625 0.0328125 0.0234375
8 0.74375 0.5890625 0.034375 0.0234375
13 0.74375 0.6140625 0.0359375 0.025
13 0.74375 0.6390625 0.0328125 0.021875
7 0.74375 0.6625 0.0296875 0.0234375
7 0.7453125 0.6875 0.0359375 0.021875
19 0.6921875 0.5125 0.0234375 0.021875
4 0.690625 0.5390625 0.0234375 0.025
33 0.6921875 0.5671875 0.025 0.0234375
25 0.66875 0.4296875 0.025 0.0265625
12 0.66875 0.45625 0.025 0.0265625
0 0.66875 0.4859375 0.025 0.028125
25 0.66875 0.5125 0.028125 0.0265625
2 0.66875 0.5390625 0.021875 0.025
29 0.66875 0.56875 0.0234375 0.025
12 0.64375 0.43125 0.0328125 0.0265625
31 0.640625 0.4578125 0.0328125 0.0265625
27 0.6390625 0.4859375 0.0328125 0.0265625
24 0.640625 0.5125 0.034375 0.0296875
18 0.6421875 0.540625 0.0359375 0.028125
31 0.640625 0.5703125 0.0296875 0.0296875
2 0.6234375 0.30625 0.0234375 0.0359375
10 0.6 0.303125 0.028125 0.0359375
14 0.6234375 0.34375 0.0234375 0.0375
3 0.603125 0.340625 0.0171875 0.0359375
21 0.5828125 0.340625 0.01875 0.0375
31 0.5640625 0.3375 0.025 0.0421875
31 0.540625 0.334375 0.021875 0.040625
5 0.515625 0.3328125 0.028125 0.040625
27 0.621875 0.3828125 0.0234375 0.0390625
28 0.603125 0.38125 0.021875 0.040625
24 0.5828125 0.3796875 0.0203125 0.040625
30 0.5625 0.3796875 0.021875 0.040625
5 0.54375 0.3765625 0.0234375 0.0390625
16 0.5171875 0.3734375 0.0328125 0.0421875
4 0.621875 0.6109375 0.021875 0.0390625
24 0.6015625 0.6109375 0.0203125 0.0390625
0 0.5828125 0.6140625 0.025 0.0421875
26 0.5625 0.615625 0.021875 0.040625
7 0.540625 0.6171875 0.0234375 0.04375
25 0.5140625 0.61875 0.028125 0.04375
27 0.621875 0.65 0.021875 0.0390625
28 0.6015625 0.6515625 0.021875 0.0453125
21 0.58125 0.65625 0.021875 0.04375
15 0.5625 0.6546875 0.0234375 0.0421875
4 0.540625 0.659375 0.01875 0.0375
27 0.5171875 0.6640625 0.025 0.040625
2 0.54375 0.7015625 0.028125 0.03125
1 0.5125 0.70625 0.03125 0.0421875
17 0.646875 0.8125 0.01875 0.0421875
17 0.6265625 0.81875 0.015625 0.040625
14 0.6078125 0.825 0.01875 0.040625
14 0.5890625 0.83125 0.01875 0.040625
11 0.5703125 0.834375 0.021875 0.0421875
11 0.55 0.840625 0.01875 0.0484375
5 0.528125 0.8484375 0.021875 0.0453125
15 0.50625 0.8546875 0.025 0.0484375
12 0.4828125 0.8625 0.0265625 0.05
9 0.4578125 0.86875 0.0265625 0.053125
9 0.4328125 0.875 0.0234375 0.0515625
6 0.40625 0.884375 0.025 0.053125
3 0.378125 0.890625 0.03125 0.0546875
15 0.7171875 0.20625 0.0171875 0.0359375
18 0.6984375 0.2 0.01875 0.040625
21 0.684375 0.196875 0.01875 0.040625
7 0.66875 0.190625 0.0171875 0.034375
10 0.65 0.1890625 0.021875 0.0421875
13 0.6328125 0.18125 0.021875 0.0390625
16 0.6125 0.1765625 0.0203125 0.0390625
16 0.59375 0.1703125 0.021875 0.0390625
16 0.5734375 0.1640625 0.021875 0.0421875
19 0.5546875 0.159375 0.021875 0.0453125
19 0.5328125 0.153125 0.021875 0.0453125
20 0.509375 0.1484375 0.0234375 0.05
23 0.4890625 0.1390625 0.0265625 0.0453125