3 0.7359375 0.853125 0.0703125 0.046875
4 0.7359375 0.8046875 0.0703125 0.046875
7 0.7375 0.75625 0.0703125 0.046875
10 0.7375 0.70625 0.0671875 0.0453125
21 0.7328125 0.3984375 0.03125 0.046875
15 0.728125 0.3546875 0.0375 0.0375
18 0.728125 0.3171875 0.0390625 0.0328125
23 0.7328125 0.275 0.0265625 0.05
20 0.7265625 0.23125 0.0375 0.0328125
26 0.7265625 0.1953125 0.0390625 0.0359375
28 0.7296875 0.1578125 0.0375 0.040625
28 0.7265625 0.11875 0.04375 0.0421875
28 0.7328125 0.0734375 0.03125 0.0515625
31 0.5140625 0.578125 0.028125 0.0296875
32 0.5125 0.546875 0.028125 0.028125
27 0.5140625 0.5140625 0.028125 0.028125
30 0.5140625 0.4515625 0.0296875 0.0328125
30 0.5796875 0.55 0.0359375 0.025
33 0.58125 0.5828125 0.0359375 0.0296875
22 0.5125 0.41875 0.0296875 0.0296875
12 0.546875 0.415625 0.0359375 0.0296875
8 0.515625 0.4828125 0.0296875 0.028125
16 0.5484375 0.5171875 0.0328125 0.0296875
10 0.546875 0.484375 0.034375 0.0328125
17 0.546875 0.4484375 0.034375 0.03125
9 0.546875 0.5484375 0.0328125 0.0296875
8 0.546875 0.5828125 0.03125 0.028125
0 0.265625 0.9640625 0.0421875 0.03125
3 0.2859375 0.7875 0.015625 0.0375
6 0.3015625 0.790625 0.01875 0.0375
6 0.3171875 0.7953125 0.0171875 0.0375
15 0.334375 0.8 0.0171875 0.0390625
15 0.35 0.8046875 0.01875 0.0375
14 0.3671875 0.8109375 0.01875 0.040625
14 0.390625 0.815625 0.0296875 0.0375
1 0.5390625 0.88125 0.0265625 0.04375
1 0.5671875 0.8890625 0.0265625 0.0453125
1 0.5953125 0.9078125 0.0328125 0.0390625
1 0.628125 0.91875 0.0359375 0.0421875
1 0.6640625 0.921875 0.03125 0.0484375
1 0.6984375 0.9296875 0.0390625 0.0578125
32 0.378125 0.65 0.01875 0.0390625
22 0.3984375 0.6515625 0.0171875 0.0390625
33 0.4171875 0.6546875 0.0203125 0.0359375
22 0.4390625 0.6578125 0.0203125 0.040625
27 0.459375 0.6609375 0.0203125 0.0390625
2 0.4875 0.6640625 0.03125 0.040625
17 0.484375 0.621875 0.0296875 0.040625
10 0.4578125 0.61875 0.021875 0.040625
19 0.4359375 0.615625 0.0203125 0.040625
5 0.378125 0.6109375 0.021875 0.0359375
29 0.3984375 0.6125 0.01875 0.0375
22 0.415625 0.6140625 0.01875 0.0390625
19 0.259375 0.6046875 0.03125 0.025
19 0.259375 0.58125 0.03125 0.0234375
13 0.259375 0.55625 0.0359375 0.0234375
10 0.2578125 0.53125 0.03125 0.025
7 0.259375 0.5078125 0.034375 0.025
4 0.2609375 0.4828125 0.0375 0.025
18 0.259375 0.4578125 0.0359375 0.025
18 0.259375 0.4328125 0.0296875 0.025
12 0.2578125 0.4078125 0.034375 0.0234375
12 0.2609375 0.384375 0.0328125 0.0234375
9 0.259375 0.3609375 0.0359375 0.025
24 0.33125 0.5375 0.021875 0.025
31 0.3609375 0.5671875 0.0359375 0.028125
26 0.359375 0.5375 0.034375 0.0265625
17 0.33125 0.5109375 0.025 0.0265625
23 0.33125 0.4828125 0.025 0.0234375
11 0.33125 0.45625 0.0265625 0.025
33 0.33125 0.428125 0.0234375 0.028125
2 0.359375 0.5109375 0.034375 0.0234375
2 0.3625 0.484375 0.0375 0.0296875
0 0.3609375 0.4546875 0.0359375 0.025
30 0.3625 0.428125 0.0390625 0.0296875
23 0.3765625 0.3859375 0.021875 0.0375
11 0.375 0.35 0.01875 0.0375
1 0.396875 0.384375 0.01875 0.040625
26 0.4171875 0.38125 0.01875 0.0359375
2 0.4375 0.3796875 0.01875 0.040625
30 0.459375 0.3796875 0.021875 0.040625
29 0.4859375 0.3765625 0.0296875 0.0421875
11 0.484375 0.3328125 0.0421875 0.034375
20 0.453125 0.3375 0.0203125 0.0421875
16 0.4328125 0.340625 0.0203125 0.040625
16 0.4125 0.3421875 0.01875 0.0375
16 0.39375 0.3453125 0.0203125 0.0375
17 0.35625 0.1859375 0.01875 0.0421875
14 0.371875 0.18125 0.015625 0.0484375
11 0.390625 0.1765625 0.0203125 0.0453125
25 0.409375 0.1703125 0.021875 0.0453125
25 0.428125 0.1671875 0.0203125 0.0484375
13 0.45 0.1578125 0.01875 0.0453125
13 0.471875 0.1515625 0.021875 0.05
13 0.49375 0.14375 0.021875 0.0515625
21 0.5171875 0.1375 0.0203125 0.0515625
18 0.540625 0.1328125 0.021875 0.05
15 0.565625 0.1234375 0.025 0.059375
6 0.5890625 0.11875 0.0265625 0.0546875
6 0.621875 0.1109375 0.0359375 0.0546875