6 0.140625 0.7390625 0.046875 0.06875
6 0.190625 0.740625 0.046875 0.0703125
9 0.240625 0.740625 0.0484375 0.06875
12 0.290625 0.740625 0.046875 0.0734375
18 0.340625 0.740625 0.04375 0.06875
1 0.3859375 0.7375 0.0484375 0.0671875
1 0.4390625 0.740625 0.0453125 0.071875
10 0.4890625 0.740625 0.04375 0.0703125
11 0.5359375 0.7390625 0.0453125 0.071875
17 0.5859375 0.740625 0.046875 0.06875
23 0.6359375 0.7390625 0.0484375 0.071875
30 0.684375 0.740625 0.0453125 0.0703125
28 0.734375 0.7390625 0.046875 0.0703125
29 0.7984375 0.7375 0.046875 0.0734375
33 0.0296875 0.265625 0.0296875 0.040625
21 0.2078125 0.284375 0.034375 0.0171875
24 0.20625 0.3015625 0.0359375 0.0171875
7 0.1984375 0.3171875 0.0375 0.0171875
10 0.196875 0.334375 0.0375 0.0171875
16 0.1890625 0.3515625 0.040625 0.021875
16 0.184375 0.36875 0.0390625 0.021875
16 0.178125 0.3859375 0.0390625 0.01875
19 0.1734375 0.40625 0.040625 0.021875
5 0.1671875 0.4265625 0.0421875 0.021875
20 0.1625 0.446875 0.0375 0.021875
23 0.15625 0.4671875 0.0453125 0.0234375
28 0.1484375 0.490625 0.040625 0.0234375
27 0.14375 0.515625 0.0421875 0.0296875
27 0.390625 0.259375 0.0265625 0.0296875
29 0.4171875 0.2609375 0.0234375 0.0328125
31 0.4421875 0.259375 0.025 0.03125
32 0.4671875 0.259375 0.0234375 0.034375
32 0.490625 0.2609375 0.025 0.03125
23 0.515625 0.2578125 0.021875 0.03125
17 0.540625 0.2578125 0.025 0.0328125
8 0.565625 0.259375 0.025 0.034375
8 0.590625 0.2578125 0.025 0.034375
25 0.615625 0.25625 0.025 0.0328125
13 0.6375 0.2578125 0.0265625 0.034375
24 0.6625 0.2578125 0.028125 0.0359375
18 0.6875 0.2578125 0.0265625 0.034375
27 0.815625 0.3546875 0.0421875 0.0171875
28 0.81875 0.371875 0.04375 0.01875
26 0.8234375 0.3921875 0.0453125 0.0171875
17 0.8296875 0.409375 0.04375 0.021875
5 0.8359375 0.4296875 0.04375 0.0203125
25 0.84375 0.4515625 0.046875 0.0203125
7 0.8484375 0.4734375 0.046875 0.021875
15 0.8546875 0.496875 0.046875 0.021875
12 0.8625 0.5171875 0.0453125 0.021875
9 0.8671875 0.5421875 0.05 0.0234375
9 0.875 0.56875 0.05 0.025
6 0.8828125 0.59375 0.05 0.0234375
0 0.890625 0.6234375 0.0515625 0.034375