32 0.484375 0.415625 0.034375 0.028125
19 0.2578125 0.1375 0.06875 0.04375
15 0.48125 0.4484375 0.0328125 0.028125
22 0.265625 0.4703125 0.040625 0.034375
22 0.2625 0.5125 0.0296875 0.0484375
22 0.265625 0.55625 0.04375 0.0328125
23 0.265625 0.5921875 0.0421875 0.0390625
23 0.2625 0.6359375 0.028125 0.0515625
23 0.2671875 0.6796875 0.0421875 0.040625
30 0.2671875 0.7171875 0.0390625 0.0390625
30 0.2609375 0.7609375 0.028125 0.05
30 0.2671875 0.8046875 0.0375 0.04375
0 0.2671875 0.8421875 0.0421875 0.0421875
0 0.265625 0.8875 0.0296875 0.05
0 0.2671875 0.9265625 0.0421875 0.0421875
18 0.48125 0.5765625 0.0296875 0.0296875
6 0.45 0.546875 0.034375 0.03125
33 0.4828125 0.546875 0.03125 0.0296875
2 0.4828125 0.48125 0.034375 0.028125
17 0.4828125 0.5140625 0.03125 0.0296875
17 0.45 0.478125 0.034375 0.03125
7 0.4484375 0.5125 0.034375 0.03125
25 0.45 0.446875 0.03125 0.03125
10 0.4484375 0.4140625 0.034375 0.03125
4 0.734375 0.0265625 0.0421875 0.0296875
3 0.7140625 0.2078125 0.01875 0.0375
15 0.6984375 0.2015625 0.01875 0.040625
18 0.6828125 0.1984375 0.01875 0.034375
21 0.6640625 0.19375 0.01875 0.0359375
24 0.6484375 0.1890625 0.01875 0.034375
24 0.6296875 0.1828125 0.015625 0.0390625
10 0.6125 0.1765625 0.0171875 0.0375
16 0.59375 0.171875 0.025 0.04375
19 0.5734375 0.1671875 0.025 0.0421875
19 0.553125 0.159375 0.0203125 0.040625
8 0.53125 0.1546875 0.0234375 0.046875
26 0.509375 0.146875 0.0265625 0.04375
26 0.48125 0.1390625 0.03125 0.04375
19 0.7421875 0.353125 0.028125 0.0265625
25 0.621875 0.346875 0.0203125 0.0375
29 0.5953125 0.3453125 0.0296875 0.034375
31 0.621875 0.384375 0.0203125 0.0359375
32 0.6 0.384375 0.021875 0.0359375
32 0.58125 0.38125 0.0234375 0.0390625
2 0.5609375 0.3765625 0.025 0.0421875
31 0.5390625 0.3765625 0.0234375 0.0421875
27 0.5109375 0.375 0.0328125 0.040625
8 0.74375 0.390625 0.0328125 0.0234375
8 0.7421875 0.415625 0.034375 0.025
13 0.7421875 0.4390625 0.0328125 0.025
13 0.7421875 0.4640625 0.034375 0.025
4 0.740625 0.4890625 0.034375 0.0265625
4 0.740625 0.5140625 0.034375 0.025
12 0.740625 0.5390625 0.0328125 0.0234375
12 0.7421875 0.5625 0.03125 0.025
9 0.7421875 0.5890625 0.034375 0.0265625
9 0.740625 0.6140625 0.0328125 0.0234375
9 0.740625 0.6375 0.034375 0.025
6 0.740625 0.6625 0.034375 0.0265625
3 0.7421875 0.6875 0.034375 0.025
5 0.66875 0.56875 0.0234375 0.0265625
5 0.6390625 0.4296875 0.034375 0.028125
20 0.6390625 0.4578125 0.034375 0.025
26 0.640625 0.4859375 0.0328125 0.0265625
29 0.6375 0.5140625 0.03125 0.0265625
27 0.640625 0.5421875 0.03125 0.025
28 0.640625 0.5703125 0.03125 0.028125
27 0.61875 0.6125 0.01875 0.034375
15 0.621875 0.65 0.01875 0.0390625
33 0.6015625 0.6140625 0.01875 0.0375
20 0.6 0.653125 0.0203125 0.0359375
5 0.5796875 0.6546875 0.0203125 0.040625
11 0.5125 0.7046875 0.0296875 0.040625
28 0.578125 0.6140625 0.0203125 0.0375
10 0.559375 0.6171875 0.0234375 0.040625
28 0.559375 0.6578125 0.021875 0.0421875
6 0.5375 0.6203125 0.0203125 0.0390625
2 0.5390625 0.6609375 0.0234375 0.0421875
25 0.5109375 0.621875 0.0296875 0.0390625
33 0.5125 0.6625 0.0328125 0.04375
7 0.703125 0.8171875 0.015625 0.0359375
21 0.7171875 0.8125 0.0171875 0.0359375
7 0.6875 0.8234375 0.015625 0.0359375
7 0.6625 0.83125 0.0328125 0.0328125
14 0.5265625 0.8484375 0.025 0.0484375
14 0.5046875 0.8546875 0.0203125 0.05
14 0.48125 0.8609375 0.0203125 0.05
1 0.4578125 0.8671875 0.025 0.05
1 0.4328125 0.875 0.0234375 0.0515625
18 0.40625 0.88125 0.025 0.0546875
12 0.3734375 0.8890625 0.0328125 0.0546875