0 0.853125 0.2625 0.0453125 0.0671875
0 0.8046875 0.2609375 0.0421875 0.06875
6 0.75625 0.2609375 0.046875 0.0703125
32 0.5796875 0.484375 0.025 0.03125
25 0.546875 0.484375 0.028125 0.0296875
28 0.515625 0.4828125 0.028125 0.03125
33 0.4828125 0.484375 0.028125 0.0296875
16 0.4515625 0.484375 0.028125 0.0328125
2 0.5109375 0.2625 0.0453125 0.06875
4 0.6578125 0.259375 0.0453125 0.0671875
9 0.7078125 0.2609375 0.0453125 0.071875
7 0.609375 0.2625 0.04375 0.0703125
10 0.559375 0.2609375 0.0453125 0.0671875
2 0.5109375 0.2625 0.0421875 0.0703125
2 0.4625 0.2609375 0.04375 0.06875
5 0.4109375 0.2609375 0.046875 0.0703125
22 0.5828125 0.4515625 0.0265625 0.034375
33 0.5515625 0.45 0.0296875 0.03125
1 0.51875 0.453125 0.0265625 0.0296875
28 0.4859375 0.453125 0.0296875 0.0328125
14 0.3640625 0.259375 0.0453125 0.06875
20 0.3140625 0.2609375 0.0453125 0.06875
26 0.265625 0.2609375 0.04375 0.0703125
18 0.41875 0.484375 0.0296875 0.0296875
3 0.965625 0.7359375 0.028125 0.040625
6 0.934375 0.7328125 0.0296875 0.04375
30 0.7703125 0.75625 0.0328125 0.0171875
30 0.74375 0.7515625 0.0234375 0.028125
30 0.71875 0.7484375 0.0203125 0.0296875
30 0.7765625 0.7375 0.0328125 0.0203125
26 0.69375 0.7484375 0.0203125 0.0328125
20 0.6703125 0.75 0.021875 0.03125
23 0.6421875 0.753125 0.0328125 0.0234375
17 0.6125 0.75 0.0234375 0.028125
14 0.5875 0.7484375 0.025 0.03125
20 0.5609375 0.7546875 0.03125 0.0234375
20 0.384375 0.740625 0.025 0.0265625
17 0.359375 0.740625 0.025 0.034375
11 0.3359375 0.740625 0.0265625 0.03125
8 0.309375 0.740625 0.0234375 0.028125
9 0.196875 0.66875 0.0359375 0.021875
27 0.184375 0.64375 0.04375 0.01875
27 0.1796875 0.625 0.0421875 0.01875
14 0.175 0.609375 0.046875 0.0171875
11 0.16875 0.5890625 0.0390625 0.01875
11 0.165625 0.5703125 0.04375 0.01875
8 0.1609375 0.5484375 0.0453125 0.01875
8 0.153125 0.5265625 0.046875 0.021875
5 0.1453125 0.5046875 0.05 0.0203125
15 0.1390625 0.4828125 0.0453125 0.025
12 0.13125 0.459375 0.05 0.0234375
6 0.125 0.434375 0.046875 0.021875
3 0.1171875 0.40625 0.0515625 0.025
0 0.109375 0.378125 0.05 0.0296875
22 0.6484375 0.6234375 0.034375 0.0171875
1 0.6484375 0.603125 0.0328125 0.021875
27 0.6546875 0.58125 0.0390625 0.01875
32 0.65625 0.5578125 0.0359375 0.0265625
0 0.6109375 0.6234375 0.0390625 0.0171875
25 0.6125 0.603125 0.0375 0.021875
32 0.615625 0.58125 0.034375 0.01875
24 0.6140625 0.5640625 0.0390625 0.0203125
29 0.6203125 0.540625 0.040625 0.021875
22 0.621875 0.51875 0.04375 0.0265625
28 0.5671875 0.6390625 0.0265625 0.0328125
21 0.5390625 0.640625 0.0265625 0.034375
10 0.5109375 0.6390625 0.0265625 0.0296875
12 0.509375 0.66875 0.0265625 0.025
15 0.48125 0.66875 0.025 0.025
10 0.5125 0.6421875 0.028125 0.0296875
21 0.484375 0.640625 0.0265625 0.03125
12 0.45625 0.640625 0.0328125 0.03125
12 0.4265625 0.640625 0.0265625 0.03125
31 0.4296875 0.6703125 0.0265625 0.0234375
3 0.4546875 0.6671875 0.025 0.025
21 0.3875 0.625 0.0375 0.01875
31 0.384375 0.603125 0.0296875 0.0265625
33 0.3828125 0.5828125 0.040625 0.01875
24 0.3796875 0.5625 0.0390625 0.0171875
32 0.3765625 0.540625 0.040625 0.021875
10 0.375 0.5140625 0.0390625 0.0265625
19 0.3359375 0.515625 0.04375 0.0296875
15 0.7859375 0.7125 0.0390625 0.0171875
18 0.7921875 0.6984375 0.0359375 0.01875
4 0.796875 0.6796875 0.0390625 0.0171875
4 0.8 0.665625 0.040625 0.01875
13 0.80625 0.6484375 0.0390625 0.015625
16 0.8125 0.6296875 0.0390625 0.0203125
16 0.815625 0.6109375 0.0390625 0.0171875
2 0.821875 0.59375 0.040625 0.015625
8 0.8296875 0.5734375 0.0390625 0.0203125
23 0.834375 0.553125 0.0390625 0.0203125
23 0.840625 0.534375 0.0375 0.021875
26 0.8484375 0.5109375 0.0375 0.0234375
26 0.8546875 0.4828125 0.0375 0.0296875