4 0.1375 0.7421875 0.0453125 0.0703125
7 0.1890625 0.7421875 0.0453125 0.071875
10 0.2375 0.7421875 0.0421875 0.0703125
10 0.2875 0.740625 0.046875 0.071875
13 0.3375 0.740625 0.0453125 0.06875
13 0.3859375 0.7390625 0.0421875 0.06875
13 0.4359375 0.740625 0.0453125 0.0671875
19 0.484375 0.740625 0.046875 0.0703125
22 0.534375 0.740625 0.046875 0.0703125
25 0.5828125 0.740625 0.0453125 0.06875
18 0.4140625 0.515625 0.028125 0.0296875
6 0.446875 0.515625 0.0265625 0.03125
32 0.48125 0.5171875 0.0265625 0.03125
9 0.5125 0.5140625 0.028125 0.0296875
28 0.85 0.734375 0.0515625 0.0296875
28 0.8921875 0.73125 0.040625 0.040625
28 0.928125 0.73125 0.0390625 0.040625
16 0.025 0.2625 0.0265625 0.040625
32 0.140625 0.5171875 0.0453125 0.034375
32 0.14375 0.4875 0.04375 0.025
33 0.390625 0.25625 0.021875 0.0296875
0 0.20625 0.284375 0.0359375 0.015625
3 0.2015625 0.3015625 0.0390625 0.015625
9 0.196875 0.3171875 0.040625 0.0203125
15 0.190625 0.3359375 0.0375 0.01875
18 0.1890625 0.3515625 0.040625 0.01875
4 0.1828125 0.3671875 0.0359375 0.0171875
7 0.1765625 0.3859375 0.0375 0.021875
19 0.1703125 0.40625 0.0375 0.021875
22 0.165625 0.425 0.0421875 0.0234375
22 0.159375 0.4484375 0.040625 0.021875
11 0.153125 0.4671875 0.046875 0.0265625
29 0.3828125 0.3796875 0.0359375 0.0171875
2 0.3796875 0.3984375 0.0390625 0.0234375
27 0.3796875 0.421875 0.0421875 0.028125
28 0.4859375 0.359375 0.0296875 0.0359375
27 0.5140625 0.35625 0.0265625 0.0359375
31 0.54375 0.3578125 0.0265625 0.0359375
2 0.5703125 0.359375 0.0265625 0.0375
23 0.415625 0.2578125 0.0234375 0.034375
14 0.440625 0.25625 0.025 0.03125
14 0.4625 0.259375 0.0265625 0.0328125
16 0.4859375 0.2578125 0.0234375 0.03125
13 0.5125 0.25625 0.025 0.0296875
10 0.5375 0.2578125 0.0234375 0.0296875
21 0.5625 0.25625 0.021875 0.0328125
21 0.5875 0.25625 0.021875 0.0328125
15 0.6125 0.25625 0.0265625 0.0375
15 0.6359375 0.2578125 0.021875 0.028125
12 0.6609375 0.2578125 0.025 0.034375
9 0.6875 0.2578125 0.0234375 0.0328125
25 0.6171875 0.4390625 0.0390625 0.0234375
24 0.6203125 0.4609375 0.0390625 0.0234375
29 0.6203125 0.4875 0.0453125 0.03125
17 0.80625 0.33125 0.040625 0.025
17 0.8109375 0.3546875 0.0421875 0.01875
14 0.81875 0.371875 0.0390625 0.021875
11 0.825 0.390625 0.0421875 0.01875
8 0.8296875 0.409375 0.0390625 0.021875
5 0.8359375 0.43125 0.04375 0.0203125
5 0.8421875 0.4515625 0.046875 0.01875
16 0.846875 0.4734375 0.046875 0.0234375
1 0.85625 0.49375 0.0484375 0.0234375
1 0.859375 0.515625 0.0453125 0.021875
9 0.8671875 0.5421875 0.046875 0.025
6 0.875 0.5671875 0.0546875 0.025
6 0.8828125 0.5921875 0.05 0.025
0 0.890625 0.6234375 0.053125 0.0328125