0 0.1421875 0.7390625 0.046875 0.0671875
0 0.1921875 0.7390625 0.0453125 0.0703125
10 0.2421875 0.7390625 0.046875 0.0671875
22 0.2921875 0.7375 0.046875 0.071875
22 0.3375 0.7359375 0.0484375 0.0734375
2 0.3921875 0.7375 0.05 0.0734375
17 0.440625 0.7375 0.046875 0.075
23 0.490625 0.7375 0.0453125 0.071875
23 0.5375 0.7359375 0.05 0.071875
33 0.584375 0.7390625 0.05 0.071875
30 0.6359375 0.7390625 0.0484375 0.071875
30 0.684375 0.7390625 0.05 0.06875
32 0.7359375 0.7390625 0.05 0.0734375
4 0.0328125 0.265625 0.0296875 0.04375
3 0.2109375 0.2859375 0.034375 0.0171875
15 0.209375 0.303125 0.0359375 0.01875
18 0.2015625 0.31875 0.0359375 0.01875
24 0.196875 0.334375 0.0421875 0.01875
10 0.190625 0.3515625 0.0390625 0.0203125
16 0.1875 0.36875 0.0390625 0.01875
25 0.1828125 0.3859375 0.0390625 0.021875
2 0.1765625 0.40625 0.0390625 0.0234375
8 0.16875 0.4265625 0.040625 0.021875
26 0.1640625 0.446875 0.0421875 0.021875
26 0.159375 0.465625 0.0390625 0.021875
32 0.153125 0.4890625 0.040625 0.025
31 0.1453125 0.515625 0.0453125 0.0359375
29 0.13125 0.5515625 0.04375 0.0328125
27 0.8140625 0.3546875 0.0421875 0.0171875
27 0.3921875 0.259375 0.025 0.028125
29 0.41875 0.2609375 0.0234375 0.034375
28 0.4421875 0.2578125 0.028125 0.028125
30 0.4671875 0.259375 0.025 0.028125
23 0.4921875 0.2578125 0.0234375 0.034375
5 0.515625 0.259375 0.0234375 0.03125
5 0.8296875 0.4109375 0.0390625 0.0171875
14 0.81875 0.3734375 0.0375 0.01875
14 0.8234375 0.390625 0.046875 0.0140625
2 0.834375 0.428125 0.040625 0.0203125
13 0.5421875 0.2578125 0.025 0.0296875
13 0.565625 0.2578125 0.0234375 0.0328125
4 0.590625 0.2578125 0.025 0.034375
21 0.615625 0.259375 0.0234375 0.034375
12 0.6390625 0.2578125 0.0234375 0.03125
9 0.6640625 0.259375 0.0234375 0.03125
0 0.6890625 0.25625 0.025 0.03125
25 0.8421875 0.45 0.0453125 0.0203125
10 0.846875 0.4703125 0.046875 0.0234375
7 0.8546875 0.49375 0.046875 0.0203125
1 0.8609375 0.5171875 0.046875 0.0234375
21 0.8703125 0.5421875 0.0484375 0.0234375
18 0.875 0.565625 0.0515625 0.0265625
15 0.8828125 0.5921875 0.0484375 0.0296875
6 0.890625 0.621875 0.0546875 0.0328125