7 0.140625 0.740625 0.046875 0.06875
22 0.1890625 0.7390625 0.0421875 0.0703125
5 0.240625 0.740625 0.0421875 0.0671875
8 0.2890625 0.7390625 0.0453125 0.0703125
8 0.3375 0.7390625 0.046875 0.0671875
11 0.3890625 0.740625 0.0453125 0.06875
26 0.4375 0.740625 0.0453125 0.0703125
30 0.4875 0.740625 0.0453125 0.06875
30 0.5359375 0.7390625 0.0453125 0.071875
30 0.5859375 0.7390625 0.046875 0.0703125
32 0.6359375 0.7390625 0.046875 0.06875
29 0.684375 0.7390625 0.046875 0.06875
27 0.7328125 0.7390625 0.0453125 0.06875
8 0.4171875 0.5140625 0.0265625 0.0296875
1 0.4515625 0.5140625 0.0265625 0.0296875
22 0.4828125 0.515625 0.0296875 0.0296875
31 0.5140625 0.5484375 0.0265625 0.03125
31 0.4484375 0.5484375 0.028125 0.03125
19 0.4828125 0.5484375 0.0296875 0.0328125
11 0.515625 0.515625 0.028125 0.0296875
27 0.5453125 0.5171875 0.028125 0.03125
17 0.578125 0.515625 0.0296875 0.028125
22 0.58125 0.5484375 0.028125 0.03125
14 0.546875 0.5484375 0.03125 0.0328125
1 0.415625 0.5484375 0.028125 0.03125
4 0.4140625 0.58125 0.0296875 0.0359375
25 0.0296875 0.265625 0.0265625 0.040625
27 0.3921875 0.259375 0.025 0.03125
29 0.4171875 0.2578125 0.0234375 0.03125
31 0.4421875 0.2578125 0.0234375 0.03125
32 0.4671875 0.2578125 0.0234375 0.028125
33 0.49375 0.259375 0.025 0.0359375
33 0.5171875 0.2578125 0.0203125 0.034375
33 0.540625 0.259375 0.0234375 0.0296875
26 0.5640625 0.2578125 0.0234375 0.028125
2 0.590625 0.259375 0.0234375 0.03125
25 0.6140625 0.259375 0.0265625 0.0328125
24 0.6390625 0.2578125 0.021875 0.03125
24 0.6625 0.259375 0.025 0.0375
0 0.6890625 0.2609375 0.025 0.034375
23 0.80625 0.3328125 0.0359375 0.021875
15 0.8140625 0.353125 0.040625 0.025
15 0.81875 0.3734375 0.0375 0.015625
2 0.825 0.390625 0.046875 0.0234375
2 0.8296875 0.4125 0.04375 0.021875
25 0.834375 0.4296875 0.04375 0.01875
25 0.8421875 0.45 0.0421875 0.0234375
22 0.8484375 0.471875 0.04375 0.01875
19 0.8546875 0.4953125 0.053125 0.025
19 0.8609375 0.5203125 0.0546875 0.0234375
4 0.86875 0.5421875 0.0484375 0.0234375
1 0.8765625 0.5671875 0.0484375 0.025
1 0.8828125 0.5921875 0.0515625 0.025
1 0.890625 0.621875 0.053125 0.0296875
4 0.56875 0.309375 0.0265625 0.0203125
7 0.4328125 0.3328125 0.0265625 0.0234375
4 0.459375 0.3328125 0.0265625 0.0265625
10 0.4875 0.33125 0.025 0.0265625
20 0.5140625 0.33125 0.0234375 0.0265625
16 0.5421875 0.33125 0.028125 0.0265625
29 0.5703125 0.3328125 0.028125 0.028125
13 0.43125 0.359375 0.0296875 0.0328125
13 0.459375 0.3609375 0.028125 0.0359375
17 0.4875 0.3609375 0.028125 0.034375
19 0.5171875 0.3609375 0.0265625 0.0328125
11 0.54375 0.3609375 0.0265625 0.034375
23 0.571875 0.359375 0.028125 0.0359375
32 0.6125 0.3796875 0.0359375 0.021875
10 0.65 0.3765625 0.040625 0.01875
20 0.6515625 0.3984375 0.0421875 0.0171875
23 0.6140625 0.4 0.0390625 0.0203125
26 0.615625 0.4203125 0.0390625 0.021875
11 0.65625 0.41875 0.0421875 0.021875
0 0.6171875 0.4390625 0.0421875 0.021875
14 0.6578125 0.4390625 0.040625 0.021875
27 0.6203125 0.459375 0.0375 0.0234375
24 0.6234375 0.4875 0.0421875 0.03125
32 0.6640625 0.4859375 0.0421875 0.03125
5 0.70625 0.4859375 0.040625 0.03125
24 0.6625 0.4609375 0.0390625 0.0234375