1 0.140625 0.7421875 0.0453125 0.0734375
22 0.1890625 0.740625 0.04375 0.071875
30 0.290625 0.740625 0.0484375 0.06875
30 0.3375 0.740625 0.05 0.0703125
30 0.3875 0.740625 0.0453125 0.0703125
28 0.4375 0.7390625 0.046875 0.06875
28 0.4875 0.740625 0.0484375 0.06875
19 0.7171875 0.7296875 0.0390625 0.0421875
19 0.753125 0.73125 0.0390625 0.040625
19 0.8 0.7359375 0.0546875 0.0296875
10 0.8484375 0.7328125 0.05 0.0265625
13 0.8921875 0.73125 0.0359375 0.040625
16 0.928125 0.7328125 0.04375 0.0421875
22 0.2390625 0.740625 0.046875 0.0703125
11 0.41875 0.515625 0.025 0.0296875
14 0.4140625 0.5484375 0.03125 0.03125
14 0.4484375 0.5484375 0.028125 0.03125
18 0.4515625 0.515625 0.0265625 0.0296875
32 0.5140625 0.515625 0.0265625 0.028125
0 0.5453125 0.5140625 0.028125 0.0265625
12 0.578125 0.5140625 0.03125 0.028125
12 0.4828125 0.515625 0.0265625 0.0296875
23 0.0296875 0.265625 0.025 0.0390625
12 0.0578125 0.265625 0.03125 0.04375
31 0.13125 0.46875 0.0375 0.0296875
31 0.1265625 0.49375 0.05 0.0265625
31 0.1203125 0.51875 0.046875 0.0234375
21 0.103125 0.5453125 0.0390625 0.0328125
21 0.1015625 0.5765625 0.0453125 0.028125
18 0.0953125 0.603125 0.05 0.0296875
24 0.084375 0.6296875 0.0484375 0.03125
24 0.0765625 0.6578125 0.0515625 0.0296875
24 0.0578125 0.6953125 0.034375 0.046875
26 0.209375 0.2859375 0.0375 0.0171875
26 0.2046875 0.3015625 0.0421875 0.0171875
27 0.2 0.31875 0.04375 0.0171875
27 0.1953125 0.3375 0.0390625 0.028125
33 0.2171875 0.25 0.0296875 0.03125
33 0.2421875 0.2453125 0.0234375 0.0234375
33 0.2765625 0.2421875 0.0359375 0.01875
33 0.2703125 0.2625 0.0359375 0.0265625
28 0.465625 0.259375 0.0265625 0.0328125
28 0.490625 0.2578125 0.0234375 0.034375
23 0.515625 0.259375 0.021875 0.034375
23 0.5390625 0.2578125 0.0265625 0.0359375
23 0.5640625 0.2578125 0.0234375 0.034375
20 0.590625 0.259375 0.0265625 0.0375
11 0.6125 0.259375 0.0265625 0.0375
8 0.6390625 0.2578125 0.025 0.0359375
5 0.6625 0.2578125 0.0265625 0.0375
2 0.6875 0.2578125 0.0234375 0.0359375
5 0.83125 0.409375 0.040625 0.0203125
13 0.428125 0.359375 0.0265625 0.0359375
29 0.459375 0.3625 0.028125 0.034375
3 0.4859375 0.3609375 0.028125 0.0375
7 0.5140625 0.359375 0.028125 0.0375
24 0.540625 0.3609375 0.0296875 0.0390625
25 0.5703125 0.359375 0.025 0.0375
1 0.3859375 0.378125 0.0375 0.021875
17 0.346875 0.378125 0.034375 0.0203125
20 0.3453125 0.403125 0.0390625 0.025
0 0.3859375 0.3984375 0.040625 0.0203125
2 0.3828125 0.41875 0.0421875 0.021875
29 0.3796875 0.4390625 0.0390625 0.01875
21 0.3796875 0.4609375 0.0421875 0.021875
4 0.375 0.4859375 0.04375 0.028125
27 0.621875 0.4890625 0.040625 0.034375
26 0.61875 0.4609375 0.04375 0.0203125
1 0.6171875 0.440625 0.0421875 0.021875
25 0.615625 0.41875 0.0390625 0.01875
32 0.6140625 0.3984375 0.0375 0.0203125
29 0.6125 0.3796875 0.0375 0.01875
3 0.665625 0.4890625 0.0421875 0.0359375
10 0.8375 0.43125 0.0453125 0.01875
10 0.8421875 0.4515625 0.0453125 0.0171875
4 0.8484375 0.471875 0.046875 0.0234375
4 0.8546875 0.4953125 0.0453125 0.021875
18 0.8625 0.51875 0.0484375 0.0234375
15 0.8671875 0.5421875 0.05 0.025
12 0.8765625 0.5671875 0.0484375 0.0234375
9 0.8828125 0.5921875 0.0515625 0.0234375
9 0.890625 0.625 0.0515625 0.0375