1 0.2578125 0.14375 0.06875 0.046875
1 0.2578125 0.1921875 0.0671875 0.0453125
0 0.4828125 0.41875 0.03125 0.028125
5 0.484375 0.4515625 0.03125 0.025
30 0.484375 0.4859375 0.0296875 0.0265625
24 0.4828125 0.5171875 0.0296875 0.028125
23 0.48125 0.55 0.0296875 0.0296875
20 0.4828125 0.5828125 0.03125 0.0328125
26 0.4484375 0.41875 0.03125 0.028125
14 0.259375 0.340625 0.0734375 0.046875
7 0.2578125 0.240625 0.071875 0.046875
7 0.2578125 0.290625 0.0703125 0.046875
29 0.2578125 0.390625 0.0734375 0.0453125
29 0.2578125 0.440625 0.0703125 0.04375
1 0.259375 0.5046875 0.0703125 0.0453125
27 0.2640625 0.725 0.028125 0.0484375
27 0.26875 0.76875 0.0390625 0.0375
27 0.2671875 0.8046875 0.040625 0.0390625
32 0.2625 0.85 0.03125 0.0515625
32 0.26875 0.8921875 0.0390625 0.0421875
32 0.26875 0.928125 0.040625 0.0453125
16 0.7328125 0.0296875 0.0453125 0.03125
4 0.7125 0.2109375 0.0171875 0.0328125
7 0.6953125 0.2046875 0.015625 0.03125
13 0.68125 0.203125 0.0140625 0.0390625
16 0.6640625 0.196875 0.0171875 0.0359375
19 0.6453125 0.19375 0.0203125 0.0359375
22 0.628125 0.1859375 0.01875 0.0390625
22 0.609375 0.1828125 0.0234375 0.040625
22 0.590625 0.1765625 0.021875 0.040625
2 0.571875 0.171875 0.021875 0.040625
2 0.5484375 0.1625 0.021875 0.040625
8 0.53125 0.1578125 0.028125 0.046875
14 0.5078125 0.1515625 0.0234375 0.04375
17 0.48125 0.1453125 0.034375 0.0453125
25 0.6203125 0.3875 0.0203125 0.0359375
33 0.6 0.3859375 0.0234375 0.040625
29 0.5796875 0.3828125 0.0203125 0.0421875
30 0.5609375 0.38125 0.021875 0.0390625
0 0.540625 0.3796875 0.0234375 0.0390625
23 0.5140625 0.3765625 0.0265625 0.0421875
8 0.6375 0.4296875 0.0296875 0.034375
8 0.6375 0.4609375 0.0359375 0.0265625
32 0.6359375 0.4875 0.034375 0.025
28 0.6375 0.5171875 0.0359375 0.0265625
24 0.6359375 0.54375 0.034375 0.028125
25 0.6390625 0.5734375 0.034375 0.0265625
26 0.665625 0.54375 0.021875 0.025
17 0.665625 0.571875 0.028125 0.0265625
23 0.740625 0.3921875 0.03125 0.025
20 0.7390625 0.41875 0.03125 0.0203125
17 0.740625 0.44375 0.03125 0.0234375
11 0.740625 0.46875 0.0296875 0.021875
11 0.7390625 0.4921875 0.028125 0.0234375
11 0.740625 0.5171875 0.0328125 0.025
19 0.7421875 0.5421875 0.034375 0.021875
19 0.740625 0.565625 0.0296875 0.0265625
10 0.7390625 0.5890625 0.03125 0.0234375
10 0.740625 0.615625 0.03125 0.025
10 0.7390625 0.6390625 0.0328125 0.021875
4 0.740625 0.6625 0.034375 0.0265625
1 0.7390625 0.6890625 0.034375 0.028125