0 0.859375 0.259375 0.0421875 0.0703125
3 0.8078125 0.2609375 0.05 0.0703125
6 0.7609375 0.259375 0.0484375 0.0734375
24 0.7109375 0.2609375 0.0484375 0.071875
1 0.6609375 0.259375 0.046875 0.071875
4 0.6109375 0.259375 0.0484375 0.075
7 0.559375 0.259375 0.0484375 0.075
25 0.5140625 0.2578125 0.05 0.071875
5 0.4625 0.2609375 0.046875 0.0734375
11 0.4140625 0.2609375 0.0453125 0.071875
14 0.3640625 0.259375 0.046875 0.0734375
14 0.315625 0.259375 0.0484375 0.071875
29 0.26875 0.2609375 0.05 0.0734375
32 0.58125 0.484375 0.0265625 0.03125
30 0.5484375 0.484375 0.0296875 0.0296875
27 0.515625 0.484375 0.0296875 0.03125
26 0.48125 0.4859375 0.0265625 0.0328125
31 0.45 0.484375 0.03125 0.03125
2 0.9703125 0.734375 0.0296875 0.0421875
2 0.9140625 0.3703125 0.0546875 0.03125
2 0.921875 0.340625 0.0515625 0.03125
2 0.9421875 0.303125 0.0453125 0.0484375
21 0.6125 0.621875 0.0390625 0.0203125
21 0.6171875 0.6015625 0.046875 0.0203125
31 0.6171875 0.58125 0.040625 0.0203125
24 0.61875 0.5625 0.04375 0.0203125
25 0.621875 0.5390625 0.0453125 0.028125
32 0.5125 0.640625 0.0296875 0.0296875
27 0.484375 0.640625 0.028125 0.034375
2 0.4578125 0.6390625 0.028125 0.0375
30 0.428125 0.6390625 0.03125 0.0390625
23 0.3875 0.6015625 0.040625 0.01875
32 0.384375 0.5828125 0.040625 0.0234375
30 0.384375 0.5609375 0.0453125 0.021875
1 0.3796875 0.540625 0.04375 0.025
26 0.378125 0.5109375 0.0453125 0.0296875