30 0.4828125 0.4234375 0.03125 0.0265625
19 0.484375 0.4546875 0.028125 0.028125
19 0.484375 0.4875 0.0265625 0.028125
6 0.2640625 0.15 0.06875 0.04375
9 0.2625 0.2015625 0.071875 0.0453125
9 0.2640625 0.2484375 0.06875 0.046875
15 0.2625 0.296875 0.071875 0.04375
18 0.2640625 0.346875 0.06875 0.0421875
5 0.2625 0.39375 0.06875 0.046875
8 0.2640625 0.44375 0.0671875 0.0453125
14 0.26875 0.721875 0.028125 0.0515625
11 0.271875 0.7671875 0.0421875 0.0375
17 0.2734375 0.8046875 0.0390625 0.0390625
23 0.26875 0.846875 0.028125 0.05
17 0.275 0.8890625 0.0375 0.0375
20 0.275 0.925 0.0390625 0.04375
3 0.453125 0.4515625 0.034375 0.03125
24 0.453125 0.4859375 0.0328125 0.0296875
1 0.484375 0.51875 0.0296875 0.0328125
31 0.4859375 0.5515625 0.028125 0.0296875
1 0.4859375 0.5828125 0.028125 0.03125
10 0.453125 0.421875 0.034375 0.0328125
32 0.73125 0.040625 0.04375 0.0265625
33 0.371875 0.0953125 0.03125 0.0484375
33 0.34375 0.0765625 0.0359375 0.0328125
33 0.303125 0.0765625 0.0359375 0.0609375
21 0.5484375 0.840625 0.0203125 0.0453125
21 0.5265625 0.8453125 0.01875 0.0453125
21 0.50625 0.853125 0.0203125 0.0515625
15 0.4828125 0.859375 0.0203125 0.0515625
12 0.459375 0.865625 0.025 0.046875
12 0.434375 0.8734375 0.025 0.05
9 0.409375 0.88125 0.025 0.0515625
6 0.378125 0.8890625 0.034375 0.0546875
8 0.7 0.8171875 0.0140625 0.034375
5 0.684375 0.821875 0.0171875 0.040625
2 0.659375 0.8296875 0.0328125 0.0328125
25 0.5609375 0.659375 0.021875 0.040625
17 0.5390625 0.6640625 0.021875 0.0421875
0 0.5109375 0.665625 0.034375 0.0390625
23 0.6203125 0.6140625 0.0203125 0.0375
26 0.6 0.615625 0.021875 0.040625
7 0.5796875 0.61875 0.0203125 0.0390625
25 0.559375 0.61875 0.0203125 0.0421875
27 0.5390625 0.6203125 0.01875 0.0390625
31 0.5140625 0.6234375 0.028125 0.0421875
15 0.7125 0.2171875 0.015625 0.0359375
18 0.6953125 0.2125 0.0171875 0.034375
21 0.68125 0.209375 0.0140625 0.034375
10 0.6640625 0.203125 0.015625 0.0359375
13 0.6484375 0.1984375 0.01875 0.0375
8 0.6296875 0.1921875 0.01875 0.0359375
11 0.6109375 0.1875 0.01875 0.0375
14 0.59375 0.18125 0.01875 0.040625
20 0.5734375 0.1765625 0.01875 0.0390625
20 0.5484375 0.1703125 0.028125 0.0390625
18 0.6203125 0.353125 0.01875 0.0359375
22 0.596875 0.3515625 0.025 0.034375
27 0.6203125 0.3921875 0.021875 0.0359375
6 0.6015625 0.390625 0.0203125 0.0359375
1 0.58125 0.3875 0.0203125 0.034375
4 0.5625 0.3859375 0.0203125 0.0375
31 0.5390625 0.384375 0.0234375 0.0390625
0 0.5140625 0.38125 0.028125 0.0375
32 0.7375 0.396875 0.0296875 0.025
32 0.7390625 0.421875 0.028125 0.021875
30 0.7390625 0.446875 0.0296875 0.0234375
30 0.7375 0.471875 0.03125 0.0234375
30 0.7390625 0.4953125 0.03125 0.0234375
16 0.7390625 0.51875 0.0296875 0.021875
13 0.7390625 0.5421875 0.0328125 0.0234375
10 0.7390625 0.5671875 0.0296875 0.0234375
7 0.7390625 0.5921875 0.0296875 0.0265625
4 0.7375 0.615625 0.0359375 0.0234375
1 0.7375 0.6390625 0.0328125 0.0234375
12 0.7390625 0.6640625 0.028125 0.0234375
12 0.7390625 0.6890625 0.0265625 0.021875
28 0.6640625 0.5109375 0.021875 0.0265625
3 0.6640625 0.5390625 0.0234375 0.025
11 0.6640625 0.5703125 0.01875 0.0328125
20 0.6375 0.4390625 0.034375 0.025
4 0.6375 0.465625 0.034375 0.0265625
3 0.6375 0.4921875 0.0359375 0.025
0 0.6375 0.5203125 0.034375 0.025
2 0.6375 0.546875 0.0328125 0.0265625
31 0.6375 0.575 0.0328125 0.0265625