4 0.140625 0.7421875 0.046875 0.0671875
4 0.190625 0.740625 0.046875 0.06875
7 0.2390625 0.7421875 0.04375 0.06875
10 0.290625 0.7421875 0.046875 0.06875
10 0.3390625 0.7421875 0.0484375 0.0703125
16 0.3890625 0.7421875 0.0484375 0.06875
19 0.4390625 0.7421875 0.046875 0.071875
2 0.4875 0.74375 0.046875 0.071875
8 0.5359375 0.740625 0.0453125 0.06875
8 0.5859375 0.7421875 0.046875 0.071875
11 0.634375 0.74375 0.0453125 0.0703125
17 0.684375 0.740625 0.0484375 0.06875
20 0.734375 0.74375 0.0484375 0.06875
32 0.4171875 0.5203125 0.0265625 0.0296875
30 0.45 0.51875 0.025 0.028125
0 0.4796875 0.51875 0.028125 0.0296875
27 0.5140625 0.51875 0.025 0.03125
2 0.5453125 0.51875 0.028125 0.028125
23 0.03125 0.26875 0.0296875 0.0453125
23 0.1625 0.4484375 0.040625 0.01875
23 0.1578125 0.4703125 0.040625 0.0203125
28 0.1515625 0.49375 0.0421875 0.021875
27 0.140625 0.51875 0.0453125 0.034375
23 0.16875 0.428125 0.0390625 0.0265625
17 0.175 0.409375 0.040625 0.0234375
17 0.178125 0.390625 0.0375 0.0234375
17 0.184375 0.371875 0.0359375 0.021875
25 0.190625 0.353125 0.0375 0.021875
25 0.19375 0.3359375 0.0375 0.01875
22 0.2 0.321875 0.0359375 0.01875
22 0.2046875 0.30625 0.0375 0.01875
16 0.209375 0.290625 0.0359375 0.0203125
24 0.2234375 0.246875 0.0296875 0.021875
24 0.2515625 0.253125 0.0203125 0.03125
24 0.2765625 0.253125 0.021875 0.03125
31 0.2890625 0.2875 0.0265625 0.034375
7 0.3875 0.3796875 0.0375 0.021875
8 0.384375 0.3984375 0.040625 0.0203125
30 0.384375 0.41875 0.04375 0.01875
30 0.38125 0.4421875 0.0390625 0.025
23 0.459375 0.3625 0.03125 0.034375
14 0.4859375 0.3625 0.0296875 0.0375
32 0.5140625 0.3609375 0.0296875 0.0328125
0 0.5453125 0.3625 0.0265625 0.0359375
5 0.5703125 0.3625 0.028125 0.0375
28 0.465625 0.2625 0.0265625 0.034375
28 0.490625 0.2609375 0.021875 0.034375
28 0.5140625 0.2609375 0.021875 0.0328125
22 0.5390625 0.2625 0.028125 0.034375
19 0.565625 0.259375 0.0234375 0.028125
13 0.5890625 0.259375 0.021875 0.0328125
13 0.6140625 0.2609375 0.0234375 0.03125
13 0.6375 0.259375 0.0265625 0.03125
10 0.6625 0.2609375 0.0265625 0.03125
7 0.6875 0.2609375 0.0265625 0.0328125