0 0.2578125 0.1390625 0.06875 0.0453125
1 0.259375 0.1890625 0.0703125 0.0453125
4 0.2578125 0.2390625 0.06875 0.04375
4 0.2578125 0.2890625 0.06875 0.0453125
7 0.2578125 0.3390625 0.06875 0.0453125
7 0.2578125 0.3875 0.0703125 0.046875
19 0.2578125 0.4375 0.0703125 0.046875
2 0.259375 0.4859375 0.0703125 0.046875
8 0.2578125 0.5359375 0.071875 0.046875
11 0.2578125 0.5859375 0.0671875 0.04375
26 0.259375 0.634375 0.06875 0.046875
32 0.259375 0.6828125 0.0703125 0.046875
28 0.2578125 0.7328125 0.0671875 0.04375
30 0.2578125 0.7984375 0.0671875 0.04375
24 0.484375 0.415625 0.03125 0.028125
24 0.5171875 0.621875 0.0203125 0.0390625
0 0.64375 0.571875 0.025 0.0265625
7 0.734375 0.028125 0.0421875 0.028125
31 0.715625 0.2890625 0.0296875 0.0265625
27 0.740625 0.390625 0.0296875 0.025
29 0.740625 0.415625 0.0328125 0.0234375
28 0.740625 0.440625 0.034375 0.025
32 0.740625 0.465625 0.03125 0.021875
32 0.7421875 0.4890625 0.03125 0.025
32 0.7421875 0.515625 0.0296875 0.021875
14 0.740625 0.5390625 0.0328125 0.021875
5 0.740625 0.565625 0.0328125 0.021875
2 0.7421875 0.5859375 0.0328125 0.025
10 0.7421875 0.6125 0.03125 0.025
10 0.740625 0.6375 0.034375 0.028125
7 0.74375 0.6625 0.0328125 0.0234375
1 0.740625 0.6875 0.0328125 0.025
30 0.6453125 0.8140625 0.0203125 0.0390625
26 0.628125 0.81875 0.0203125 0.04375
23 0.6078125 0.825 0.01875 0.040625
20 0.5875 0.8296875 0.021875 0.0484375
17 0.5671875 0.8328125 0.021875 0.0484375
5 0.546875 0.8421875 0.0203125 0.046875
25 0.5265625 0.8484375 0.0234375 0.053125
25 0.503125 0.853125 0.025 0.053125
22 0.4828125 0.8609375 0.021875 0.0515625
22 0.45625 0.86875 0.0234375 0.053125
19 0.4328125 0.875 0.025 0.05
16 0.4046875 0.8828125 0.025 0.0546875
0 0.3734375 0.8921875 0.03125 0.053125