0 0.1421875 0.740625 0.0453125 0.0671875
0 0.190625 0.7421875 0.0453125 0.071875
6 0.240625 0.7421875 0.0453125 0.0703125
18 0.290625 0.740625 0.0453125 0.0671875
7 0.3390625 0.7421875 0.0484375 0.06875
2 0.390625 0.740625 0.0453125 0.0703125
2 0.4390625 0.740625 0.04375 0.071875
5 0.4859375 0.740625 0.046875 0.071875
14 0.5359375 0.7421875 0.0453125 0.0703125
20 0.584375 0.7421875 0.046875 0.06875
33 0.6359375 0.7421875 0.0453125 0.06875
32 0.684375 0.7421875 0.04375 0.0703125
28 0.734375 0.7421875 0.0453125 0.06875
3 0.03125 0.2671875 0.0265625 0.040625
0 0.209375 0.2875 0.0359375 0.015625
15 0.2046875 0.3015625 0.0375 0.0171875
18 0.2 0.31875 0.0390625 0.015625
1 0.1953125 0.334375 0.0359375 0.0171875
4 0.1890625 0.3515625 0.0375 0.01875
4 0.1828125 0.3703125 0.040625 0.021875
22 0.1796875 0.3875 0.040625 0.0171875
22 0.1734375 0.40625 0.0375 0.0171875
25 0.1671875 0.4265625 0.0390625 0.01875
2 0.1609375 0.4484375 0.0421875 0.0203125
8 0.15625 0.46875 0.040625 0.021875
23 0.1484375 0.490625 0.0421875 0.021875
26 0.1421875 0.515625 0.0421875 0.0296875
30 0.13125 0.553125 0.0453125 0.03125
28 0.390625 0.2609375 0.025 0.0296875
31 0.4171875 0.259375 0.0234375 0.0296875
30 0.4421875 0.259375 0.0234375 0.028125
30 0.465625 0.259375 0.0234375 0.0328125
26 0.490625 0.259375 0.0234375 0.0328125
20 0.515625 0.259375 0.0234375 0.0328125
20 0.540625 0.259375 0.0234375 0.0328125
17 0.5640625 0.259375 0.021875 0.0296875
17 0.5875 0.2578125 0.0234375 0.0296875
11 0.6140625 0.259375 0.0234375 0.0328125
8 0.6375 0.2578125 0.0265625 0.028125
12 0.6625 0.259375 0.0234375 0.03125
12 0.6875 0.259375 0.025 0.0328125
27 0.8125 0.3578125 0.040625 0.01875
27 0.8171875 0.3734375 0.04375 0.015625
32 0.8234375 0.3921875 0.04375 0.0171875
11 0.8265625 0.4109375 0.04375 0.0203125
11 0.834375 0.4328125 0.046875 0.01875
8 0.840625 0.453125 0.0484375 0.0203125
5 0.8484375 0.4734375 0.0484375 0.01875
24 0.8546875 0.4953125 0.0484375 0.0234375
15 0.8609375 0.51875 0.0453125 0.0203125
12 0.86875 0.5421875 0.05 0.0234375
6 0.8734375 0.5671875 0.0515625 0.025
3 0.88125 0.5921875 0.05 0.0234375
0 0.8890625 0.625 0.05 0.0359375