3 0.1421875 0.740625 0.046875 0.0703125
6 0.190625 0.740625 0.0453125 0.071875
6 0.240625 0.7390625 0.0453125 0.0703125
1 0.290625 0.740625 0.046875 0.0703125
7 0.3390625 0.740625 0.0453125 0.06875
10 0.3890625 0.740625 0.046875 0.071875
13 0.4375 0.7390625 0.0453125 0.06875
19 0.4875 0.7390625 0.046875 0.0671875
5 0.5359375 0.7390625 0.0453125 0.0703125
23 0.5859375 0.7390625 0.04375 0.0734375
33 0.634375 0.7390625 0.046875 0.06875
33 0.684375 0.7390625 0.04375 0.0703125
29 0.734375 0.740625 0.04375 0.06875
0 0.0296875 0.265625 0.0296875 0.0453125
28 0.1453125 0.5171875 0.0484375 0.0359375
28 0.1484375 0.490625 0.0484375 0.025
30 0.15625 0.4671875 0.0421875 0.0234375
23 0.1625 0.446875 0.04375 0.0234375
17 0.1671875 0.4265625 0.0484375 0.025
5 0.1734375 0.40625 0.0421875 0.021875
9 0.209375 0.2859375 0.040625 0.01875
15 0.2046875 0.3015625 0.0390625 0.01875
21 0.2 0.3171875 0.0390625 0.01875
10 0.196875 0.334375 0.0375 0.0171875
13 0.190625 0.35 0.0390625 0.01875
16 0.1859375 0.3671875 0.040625 0.021875
25 0.1796875 0.3859375 0.0390625 0.021875
29 0.390625 0.259375 0.028125 0.03125
31 0.4171875 0.259375 0.021875 0.0328125
33 0.440625 0.259375 0.0234375 0.034375
33 0.465625 0.2578125 0.0234375 0.03125
23 0.490625 0.259375 0.0234375 0.0296875
17 0.515625 0.259375 0.0265625 0.034375
8 0.5390625 0.259375 0.0265625 0.034375
8 0.5640625 0.259375 0.025 0.034375
22 0.5890625 0.259375 0.0265625 0.0359375
16 0.6140625 0.2578125 0.0265625 0.034375
4 0.6375 0.259375 0.025 0.040625
12 0.6625 0.259375 0.025 0.0359375
9 0.6875 0.259375 0.0265625 0.034375
14 0.8078125 0.3328125 0.0421875 0.0203125
11 0.8125 0.3546875 0.04375 0.0203125
8 0.81875 0.3734375 0.0421875 0.0171875
5 0.825 0.390625 0.046875 0.015625
2 0.8296875 0.4109375 0.0453125 0.0203125
22 0.8359375 0.43125 0.04375 0.01875
1 0.840625 0.4515625 0.0453125 0.0203125
24 0.8484375 0.4734375 0.05 0.01875
21 0.8546875 0.49375 0.046875 0.021875
18 0.8609375 0.5171875 0.0421875 0.0203125
18 0.86875 0.540625 0.046875 0.025
15 0.875 0.56875 0.0453125 0.021875
12 0.8828125 0.5921875 0.0515625 0.025
12 0.890625 0.6234375 0.0515625 0.034375