6 0.2609375 0.140625 0.06875 0.046875
6 0.259375 0.190625 0.0703125 0.046875
9 0.259375 0.240625 0.06875 0.0484375
12 0.259375 0.290625 0.0734375 0.046875
18 0.259375 0.340625 0.06875 0.04375
1 0.2625 0.3859375 0.0671875 0.0484375
1 0.259375 0.4390625 0.071875 0.0453125
10 0.259375 0.4890625 0.0703125 0.04375
11 0.2609375 0.5359375 0.071875 0.0453125
17 0.259375 0.5859375 0.06875 0.046875
23 0.2609375 0.6359375 0.071875 0.0484375
30 0.259375 0.684375 0.0703125 0.0453125
28 0.2609375 0.734375 0.0703125 0.046875
29 0.2625 0.7984375 0.0734375 0.046875
33 0.734375 0.0296875 0.040625 0.0296875
21 0.715625 0.2078125 0.0171875 0.034375
24 0.6984375 0.20625 0.0171875 0.0359375
7 0.6828125 0.1984375 0.0171875 0.0375
10 0.665625 0.196875 0.0171875 0.0375
16 0.6484375 0.1890625 0.021875 0.040625
16 0.63125 0.184375 0.021875 0.0390625
16 0.6140625 0.178125 0.01875 0.0390625
19 0.59375 0.1734375 0.021875 0.040625
5 0.5734375 0.1671875 0.021875 0.0421875
20 0.553125 0.1625 0.021875 0.0375
23 0.5328125 0.15625 0.0234375 0.0453125
28 0.509375 0.1484375 0.0234375 0.040625
27 0.484375 0.14375 0.0296875 0.0421875
27 0.740625 0.390625 0.0296875 0.0265625
29 0.7390625 0.4171875 0.0328125 0.0234375
31 0.740625 0.4421875 0.03125 0.025
32 0.740625 0.4671875 0.034375 0.0234375
32 0.7390625 0.490625 0.03125 0.025
23 0.7421875 0.515625 0.03125 0.021875
17 0.7421875 0.540625 0.0328125 0.025
8 0.740625 0.565625 0.034375 0.025
8 0.7421875 0.590625 0.034375 0.025
25 0.74375 0.615625 0.0328125 0.025
13 0.7421875 0.6375 0.034375 0.0265625
24 0.7421875 0.6625 0.0359375 0.028125
18 0.7421875 0.6875 0.034375 0.0265625
27 0.6453125 0.815625 0.0171875 0.0421875
28 0.628125 0.81875 0.01875 0.04375
26 0.6078125 0.8234375 0.0171875 0.0453125
17 0.590625 0.8296875 0.021875 0.04375
5 0.5703125 0.8359375 0.0203125 0.04375
25 0.5484375 0.84375 0.0203125 0.046875
7 0.5265625 0.8484375 0.021875 0.046875
15 0.503125 0.8546875 0.021875 0.046875
12 0.4828125 0.8625 0.021875 0.0453125
9 0.4578125 0.8671875 0.0234375 0.05
9 0.43125 0.875 0.025 0.05
6 0.40625 0.8828125 0.0234375 0.05
0 0.3765625 0.890625 0.034375 0.0515625