3 0.2609375 0.140625 0.06875 0.0484375
9 0.2609375 0.1890625 0.0703125 0.046875
15 0.2609375 0.2390625 0.0703125 0.0453125
18 0.259375 0.2890625 0.0703125 0.046875
1 0.2578125 0.3359375 0.071875 0.046875
4 0.2609375 0.3875 0.06875 0.0484375
7 0.2609375 0.4359375 0.0734375 0.046875
10 0.2609375 0.4859375 0.0703125 0.0484375
20 0.2609375 0.534375 0.0703125 0.046875
26 0.2609375 0.584375 0.0703125 0.05
31 0.4859375 0.415625 0.0296875 0.028125
32 0.484375 0.4484375 0.0328125 0.028125
27 0.4828125 0.4796875 0.03125 0.028125
8 0.4859375 0.5125 0.0328125 0.03125
30 0.4828125 0.54375 0.0328125 0.028125
28 0.26875 0.840625 0.040625 0.0390625
28 0.26875 0.8796875 0.0421875 0.040625
28 0.265625 0.921875 0.0296875 0.053125
0 0.7359375 0.028125 0.040625 0.028125
5 0.621875 0.3859375 0.01875 0.0359375
29 0.603125 0.38125 0.0203125 0.0375
22 0.5828125 0.38125 0.0234375 0.0375
19 0.5578125 0.378125 0.028125 0.0390625
2 0.640625 0.5140625 0.03125 0.0265625
0 0.6390625 0.5421875 0.034375 0.025
30 0.6421875 0.56875 0.0328125 0.0265625
26 0.58125 0.6140625 0.0203125 0.0390625
2 0.5609375 0.6171875 0.0203125 0.040625
30 0.5390625 0.6203125 0.0203125 0.0390625
29 0.5109375 0.621875 0.0328125 0.0390625