3 0.8609375 0.2578125 0.05 0.0703125
15 0.8125 0.2578125 0.046875 0.06875
7 0.7609375 0.259375 0.0453125 0.0703125
7 0.7125 0.2578125 0.0453125 0.0703125
13 0.6625 0.2578125 0.0453125 0.06875
19 0.6125 0.2578125 0.046875 0.071875
33 0.5640625 0.2578125 0.0453125 0.06875
15 0.4984375 0.2578125 0.04375 0.06875
18 0.2734375 0.2625 0.0484375 0.028125
12 0.2328125 0.2671875 0.0375 0.040625
15 0.1953125 0.2671875 0.040625 0.0390625
21 0.15625 0.2671875 0.0390625 0.0375
21 0.11875 0.26875 0.0421875 0.0375
21 0.0734375 0.2640625 0.0515625 0.0328125
25 0.5828125 0.484375 0.028125 0.0296875
24 0.5515625 0.4859375 0.0296875 0.03125
1 0.51875 0.484375 0.0296875 0.0328125
28 0.484375 0.4828125 0.0296875 0.0296875
2 0.453125 0.484375 0.028125 0.03125
29 0.4203125 0.4828125 0.0296875 0.0296875
29 0.9734375 0.7359375 0.0296875 0.040625
27 0.778125 0.7546875 0.0296875 0.021875
27 0.7484375 0.7515625 0.021875 0.0328125
27 0.725 0.7515625 0.021875 0.028125
7 0.7 0.7515625 0.0234375 0.028125
4 0.6734375 0.7515625 0.0234375 0.0296875
1 0.6453125 0.753125 0.03125 0.025
6 0.7921875 0.7140625 0.0359375 0.0171875
9 0.796875 0.7 0.0390625 0.01875
12 0.8015625 0.6828125 0.0375 0.01875
4 0.8078125 0.665625 0.040625 0.01875
4 0.8109375 0.65 0.0421875 0.0203125
16 0.8171875 0.6296875 0.046875 0.021875
22 0.821875 0.6125 0.0421875 0.01875
22 0.8265625 0.5921875 0.0421875 0.0234375
2 0.8328125 0.571875 0.0484375 0.0234375
5 0.840625 0.5515625 0.04375 0.021875
8 0.8453125 0.53125 0.0453125 0.025
11 0.8515625 0.5078125 0.0484375 0.028125
14 0.8578125 0.4796875 0.053125 0.0359375
14 0.6546875 0.61875 0.0390625 0.028125
14 0.5140625 0.640625 0.0265625 0.0328125
23 0.6171875 0.58125 0.0375 0.0171875
23 0.6203125 0.5625 0.0390625 0.01875
23 0.3828125 0.58125 0.0421875 0.0203125
29 0.6140625 0.6203125 0.0375 0.021875
32 0.6171875 0.6046875 0.040625 0.0203125
31 0.621875 0.540625 0.0421875 0.0234375
26 0.6265625 0.515625 0.0453125 0.0328125
17 0.56875 0.6421875 0.028125 0.0359375
5 0.540625 0.6421875 0.028125 0.0390625
29 0.5109375 0.66875 0.0265625 0.025
20 0.4828125 0.6671875 0.0265625 0.025
0 0.4859375 0.6421875 0.0296875 0.034375
18 0.45625 0.640625 0.028125 0.0359375
6 0.428125 0.6421875 0.028125 0.03125
11 0.45625 0.6703125 0.025 0.025
26 0.4296875 0.6671875 0.025 0.0234375
32 0.4609375 0.7421875 0.025 0.0328125
33 0.434375 0.7421875 0.025 0.034375
33 0.409375 0.74375 0.0203125 0.0328125
16 0.3859375 0.7421875 0.025 0.0359375
16 0.359375 0.7421875 0.0265625 0.0328125
10 0.3359375 0.740625 0.025 0.0375
10 0.3125 0.7421875 0.025 0.0375
3 0.3875 0.6203125 0.0375 0.01875
3 0.3859375 0.6015625 0.040625 0.0203125
19 0.38125 0.5609375 0.04375 0.021875
0 0.3796875 0.5375 0.0421875 0.021875
12 0.378125 0.5140625 0.0390625 0.0296875
1 0.3390625 0.540625 0.0390625 0.025
28 0.3375 0.5125 0.046875 0.0328125
30 0.1859375 0.71875 0.034375 0.015625
31 0.18125 0.703125 0.0375 0.01875
31 0.1765625 0.6875 0.040625 0.01875
31 0.165625 0.66875 0.0375 0.021875
20 0.1625 0.6484375 0.0421875 0.01875
14 0.159375 0.6296875 0.046875 0.0234375
17 0.1484375 0.603125 0.0359375 0.03125
29 0.128125 0.459375 0.0453125 0.025
20 0.1234375 0.4328125 0.0515625 0.021875
2 0.1171875 0.40625 0.0515625 0.025
2 0.1078125 0.375 0.0546875 0.0375