3 0.14375 0.740625 0.046875 0.06875
12 0.1921875 0.740625 0.046875 0.0703125
15 0.2421875 0.740625 0.05 0.0703125
15 0.2921875 0.7421875 0.0484375 0.071875
1 0.3421875 0.7421875 0.0515625 0.0703125
4 0.390625 0.740625 0.0453125 0.071875
10 0.4390625 0.7421875 0.046875 0.0703125
19 0.4875 0.740625 0.046875 0.071875
20 0.5390625 0.7421875 0.046875 0.071875
26 0.5890625 0.740625 0.05 0.071875
31 0.6359375 0.7421875 0.05 0.0703125
29 0.6859375 0.740625 0.046875 0.071875
27 0.734375 0.740625 0.046875 0.071875
11 0.0328125 0.2671875 0.0296875 0.0453125
28 0.6234375 0.490625 0.0453125 0.0328125