3 0.2578125 0.1390625 0.0671875 0.0453125
12 0.259375 0.190625 0.0703125 0.0453125
15 0.2578125 0.2390625 0.0703125 0.046875
15 0.2578125 0.2875 0.06875 0.046875
21 0.259375 0.3390625 0.06875 0.046875
21 0.259375 0.3859375 0.0703125 0.05
24 0.2578125 0.4375 0.06875 0.0484375
7 0.259375 0.4859375 0.071875 0.046875
7 0.259375 0.5359375 0.0703125 0.046875
19 0.259375 0.584375 0.0703125 0.0453125
25 0.2578125 0.634375 0.071875 0.0484375
28 0.2578125 0.6828125 0.071875 0.046875
29 0.2609375 0.734375 0.071875 0.0453125
29 0.734375 0.0265625 0.04375 0.028125
29 0.66875 0.80625 0.0234375 0.040625
31 0.6453125 0.815625 0.01875 0.040625
31 0.6265625 0.8203125 0.0203125 0.0421875
30 0.609375 0.825 0.0171875 0.040625
30 0.5875 0.8296875 0.0171875 0.0453125
20 0.56875 0.8359375 0.0203125 0.0453125
20 0.55 0.840625 0.0171875 0.046875
14 0.5265625 0.8484375 0.0234375 0.05
5 0.50625 0.8546875 0.025 0.04375
2 0.48125 0.8625 0.0265625 0.0484375
21 0.45625 0.8703125 0.021875 0.0484375
12 0.4328125 0.8765625 0.0265625 0.0484375
3 0.40625 0.884375 0.0234375 0.053125
0 0.378125 0.8890625 0.028125 0.0546875
6 0.7140625 0.2078125 0.015625 0.0359375
4 0.6984375 0.2046875 0.0171875 0.0375
16 0.6828125 0.2 0.0171875 0.0390625
22 0.665625 0.1953125 0.015625 0.0375
5 0.6484375 0.1890625 0.0171875 0.040625
8 0.6296875 0.1828125 0.021875 0.040625
14 0.6125 0.178125 0.021875 0.040625
14 0.5921875 0.171875 0.0234375 0.0421875
23 0.5734375 0.165625 0.0203125 0.0421875
30 0.5515625 0.1609375 0.0234375 0.0421875
32 0.53125 0.1546875 0.0265625 0.04375
28 0.509375 0.15 0.0234375 0.0484375
27 0.4859375 0.140625 0.0328125 0.0453125
27 0.740625 0.390625 0.0265625 0.025
27 0.740625 0.4171875 0.03125 0.021875
32 0.7421875 0.440625 0.03125 0.0203125
33 0.740625 0.4671875 0.034375 0.0234375
33 0.7421875 0.4890625 0.0328125 0.0265625
26 0.7421875 0.5140625 0.0328125 0.01875
20 0.7421875 0.540625 0.0328125 0.0234375
14 0.740625 0.5640625 0.034375 0.025
16 0.740625 0.5890625 0.0375 0.025
10 0.7421875 0.6140625 0.0328125 0.0234375
4 0.7421875 0.640625 0.03125 0.028125
18 0.7421875 0.6640625 0.0359375 0.028125
6 0.740625 0.6890625 0.0375 0.0265625