0 0.1390625 0.7390625 0.0484375 0.078125
6 0.190625 0.7375 0.046875 0.078125
18 0.2390625 0.7375 0.046875 0.078125
21 0.2875 0.7375 0.0484375 0.0796875
1 0.3390625 0.7375 0.0484375 0.078125
7 0.3875 0.7375 0.046875 0.0765625
7 0.4375 0.7375 0.0484375 0.0765625
13 0.4859375 0.7375 0.0484375 0.078125
16 0.534375 0.7375 0.0484375 0.0765625
19 0.584375 0.7375 0.0484375 0.078125
14 0.634375 0.7375 0.0484375 0.078125
23 0.6828125 0.7375 0.0484375 0.078125
26 0.7328125 0.7375 0.0484375 0.078125
12 0.7984375 0.7375 0.0484375 0.078125
2 0.4171875 0.521875 0.03125 0.0390625
31 0.45 0.5203125 0.0296875 0.0390625
27 0.48125 0.521875 0.0296875 0.0390625
31 0.378125 0.4453125 0.040625 0.03125
32 0.3796875 0.41875 0.0390625 0.01875
30 0.3828125 0.4 0.0375 0.01875
31 0.3859375 0.3796875 0.0375 0.01875
32 0.6203125 0.4890625 0.040625 0.03125
28 0.6203125 0.4609375 0.040625 0.0203125
9 0.6171875 0.4390625 0.040625 0.0203125
32 0.5703125 0.3609375 0.0265625 0.0328125
30 0.54375 0.3609375 0.0265625 0.0328125
29 0.515625 0.3625 0.0265625 0.034375
29 0.1421875 0.51875 0.046875 0.03125
14 0.1484375 0.490625 0.046875 0.021875
2 0.1546875 0.46875 0.0453125 0.0203125
22 0.1609375 0.446875 0.04375 0.0203125
22 0.1671875 0.4265625 0.04375 0.01875
16 0.1734375 0.40625 0.0421875 0.01875
13 0.178125 0.3890625 0.0421875 0.0171875
1 0.184375 0.36875 0.040625 0.0171875
18 0.1890625 0.3515625 0.040625 0.015625
9 0.19375 0.334375 0.0390625 0.015625
6 0.1984375 0.3171875 0.0390625 0.015625
6 0.203125 0.3015625 0.0375 0.015625
3 0.2078125 0.2859375 0.0375 0.0140625
17 0.028125 0.2640625 0.0265625 0.040625
28 0.390625 0.259375 0.0234375 0.028125
26 0.415625 0.259375 0.0234375 0.0296875
26 0.440625 0.259375 0.0234375 0.0296875
14 0.465625 0.259375 0.0234375 0.0296875
8 0.4890625 0.259375 0.0234375 0.028125
5 0.5140625 0.259375 0.0234375 0.028125
25 0.5390625 0.259375 0.0234375 0.028125
22 0.5640625 0.259375 0.0234375 0.0296875
4 0.5890625 0.259375 0.025 0.028125
4 0.6140625 0.259375 0.025 0.028125
4 0.6375 0.259375 0.025 0.028125
0 0.6625 0.259375 0.025 0.0296875
0 0.6875 0.259375 0.0265625 0.0296875
23 0.8125 0.35625 0.0421875 0.0171875
20 0.8171875 0.3734375 0.04375 0.0171875
20 0.8234375 0.3921875 0.0421875 0.0171875
17 0.828125 0.4125 0.04375 0.01875
11 0.834375 0.43125 0.04375 0.01875
8 0.840625 0.4515625 0.0453125 0.0203125
5 0.846875 0.4734375 0.0453125 0.0203125
7 0.853125 0.4953125 0.046875 0.0203125
4 0.859375 0.51875 0.0484375 0.021875
24 0.8671875 0.5421875 0.05 0.0234375
24 0.8734375 0.5671875 0.05 0.0234375
18 0.88125 0.5921875 0.0515625 0.025
15 0.8890625 0.625 0.053125 0.0375