0 0.7390625 0.8609375 0.078125 0.0484375
6 0.7375 0.809375 0.078125 0.046875
18 0.7375 0.7609375 0.078125 0.046875
21 0.7375 0.7125 0.0796875 0.0484375
1 0.7375 0.6609375 0.078125 0.0484375
7 0.7375 0.6125 0.0765625 0.046875
7 0.7375 0.5625 0.0765625 0.0484375
13 0.7375 0.5140625 0.078125 0.0484375
16 0.7375 0.465625 0.0765625 0.0484375
19 0.7375 0.415625 0.078125 0.0484375
14 0.7375 0.365625 0.078125 0.0484375
23 0.7375 0.3171875 0.078125 0.0484375
26 0.7375 0.2671875 0.078125 0.0484375
12 0.7375 0.2015625 0.078125 0.0484375
2 0.521875 0.5828125 0.0390625 0.03125
31 0.5203125 0.55 0.0390625 0.0296875
27 0.521875 0.51875 0.0390625 0.0296875
31 0.4453125 0.621875 0.03125 0.040625
32 0.41875 0.6203125 0.01875 0.0390625
30 0.4 0.6171875 0.01875 0.0375
31 0.3796875 0.6140625 0.01875 0.0375
32 0.4890625 0.3796875 0.03125 0.040625
28 0.4609375 0.3796875 0.0203125 0.040625
9 0.4390625 0.3828125 0.0203125 0.040625
32 0.3609375 0.4296875 0.0328125 0.0265625
30 0.3609375 0.45625 0.0328125 0.0265625
29 0.3625 0.484375 0.034375 0.0265625
29 0.51875 0.8578125 0.03125 0.046875
14 0.490625 0.8515625 0.021875 0.046875
2 0.46875 0.8453125 0.0203125 0.0453125
22 0.446875 0.8390625 0.0203125 0.04375
22 0.4265625 0.8328125 0.01875 0.04375
16 0.40625 0.8265625 0.01875 0.0421875
13 0.3890625 0.821875 0.0171875 0.0421875
1 0.36875 0.815625 0.0171875 0.040625
18 0.3515625 0.8109375 0.015625 0.040625
9 0.334375 0.80625 0.015625 0.0390625
6 0.3171875 0.8015625 0.015625 0.0390625
6 0.3015625 0.796875 0.015625 0.0375
3 0.2859375 0.7921875 0.0140625 0.0375
17 0.2640625 0.971875 0.040625 0.0265625
28 0.259375 0.609375 0.028125 0.0234375
26 0.259375 0.584375 0.0296875 0.0234375
26 0.259375 0.559375 0.0296875 0.0234375
14 0.259375 0.534375 0.0296875 0.0234375
8 0.259375 0.5109375 0.028125 0.0234375
5 0.259375 0.4859375 0.028125 0.0234375
25 0.259375 0.4609375 0.028125 0.0234375
22 0.259375 0.4359375 0.0296875 0.0234375
4 0.259375 0.4109375 0.028125 0.025
4 0.259375 0.3859375 0.028125 0.025
4 0.259375 0.3625 0.028125 0.025
0 0.259375 0.3375 0.0296875 0.025
0 0.259375 0.3125 0.0296875 0.0265625
23 0.35625 0.1875 0.0171875 0.0421875
20 0.3734375 0.1828125 0.0171875 0.04375
20 0.3921875 0.1765625 0.0171875 0.0421875
17 0.4125 0.171875 0.01875 0.04375
11 0.43125 0.165625 0.01875 0.04375
8 0.4515625 0.159375 0.0203125 0.0453125
5 0.4734375 0.153125 0.0203125 0.0453125
7 0.4953125 0.146875 0.0203125 0.046875
4 0.51875 0.140625 0.021875 0.0484375
24 0.5421875 0.1328125 0.0234375 0.05
24 0.5671875 0.1265625 0.0234375 0.05
18 0.5921875 0.11875 0.025 0.0515625
15 0.625 0.1109375 0.0375 0.053125