0 0.3390625 0.340625 0.040625 0.0578125
0 0.375 0.3390625 0.040625 0.05625
0 0.4109375 0.3359375 0.0390625 0.05625
16 0.446875 0.33125 0.040625 0.05625
16 0.4828125 0.328125 0.040625 0.05625
5 0.51875 0.325 0.040625 0.05625
5 0.5546875 0.3203125 0.0421875 0.05625
5 0.590625 0.315625 0.040625 0.05625
23 0.628125 0.3125 0.0390625 0.05625
23 0.6640625 0.309375 0.040625 0.0546875
3 0.753125 0.3 0.0390625 0.0578125
3 0.7890625 0.2953125 0.0390625 0.05625
23 0.8796875 0.2859375 0.040625 0.0578125
32 0.796875 0.3625 0.0328125 0.0453125
29 0.8265625 0.3609375 0.0328125 0.04375
20 0.5328125 0.390625 0.03125 0.0453125
24 0.5609375 0.3875 0.03125 0.04375