0 0.659375 0.3390625 0.0578125 0.040625
0 0.6609375 0.375 0.05625 0.040625
0 0.6640625 0.4109375 0.05625 0.0390625
16 0.66875 0.446875 0.05625 0.040625
16 0.671875 0.4828125 0.05625 0.040625
5 0.675 0.51875 0.05625 0.040625
5 0.6796875 0.5546875 0.05625 0.0421875
5 0.684375 0.590625 0.05625 0.040625
23 0.6875 0.628125 0.05625 0.0390625
23 0.690625 0.6640625 0.0546875 0.040625
3 0.7 0.753125 0.0578125 0.0390625
3 0.7046875 0.7890625 0.05625 0.0390625
23 0.7140625 0.8796875 0.0578125 0.040625
32 0.6375 0.796875 0.0453125 0.0328125
29 0.6390625 0.8265625 0.04375 0.0328125
20 0.609375 0.5328125 0.0453125 0.03125
24 0.6125 0.5609375 0.04375 0.03125