0 0.6609375 0.659375 0.040625 0.0578125
0 0.625 0.6609375 0.040625 0.05625
0 0.5890625 0.6640625 0.0390625 0.05625
16 0.553125 0.66875 0.040625 0.05625
16 0.5171875 0.671875 0.040625 0.05625
5 0.48125 0.675 0.040625 0.05625
5 0.4453125 0.6796875 0.0421875 0.05625
5 0.409375 0.684375 0.040625 0.05625
23 0.371875 0.6875 0.0390625 0.05625
23 0.3359375 0.690625 0.040625 0.0546875
3 0.246875 0.7 0.0390625 0.0578125
3 0.2109375 0.7046875 0.0390625 0.05625
23 0.1203125 0.7140625 0.040625 0.0578125
32 0.203125 0.6375 0.0328125 0.0453125
29 0.1734375 0.6390625 0.0328125 0.04375
20 0.4671875 0.609375 0.03125 0.0453125
24 0.4390625 0.6125 0.03125 0.04375