12 0.028125 0.265625 0.028125 0.0421875
12 0.140625 0.7375 0.0484375 0.0796875
16 0.190625 0.7375 0.046875 0.078125
19 0.2390625 0.7375 0.0484375 0.078125
11 0.2890625 0.7375 0.0484375 0.0796875
17 0.3375 0.7375 0.0484375 0.0796875
17 0.3875 0.7375 0.0484375 0.078125
33 0.4375 0.7375 0.0484375 0.078125
27 0.4859375 0.7375 0.046875 0.078125
27 0.5359375 0.7375 0.046875 0.078125
27 0.584375 0.7375 0.0484375 0.0796875
25 0.415625 0.521875 0.03125 0.040625
18 0.4484375 0.521875 0.0296875 0.040625
31 0.4796875 0.5203125 0.0296875 0.040625
2 0.621875 0.4890625 0.040625 0.03125
0 0.6203125 0.4625 0.0390625 0.0203125
29 0.6171875 0.440625 0.0390625 0.0203125
33 0.5421875 0.3609375 0.0265625 0.0328125
28 0.5703125 0.3609375 0.0265625 0.0328125
32 0.384375 0.3796875 0.0390625 0.01875
0 0.3828125 0.403125 0.0390625 0.028125
32 0.8390625 0.7359375 0.046875 0.05
32 0.884375 0.740625 0.053125 0.040625
32 0.9265625 0.7359375 0.046875 0.05