12 0.140625 0.7375 0.05 0.0796875
11 0.190625 0.7375 0.0484375 0.0796875
17 0.2390625 0.7375 0.0484375 0.0796875
17 0.2890625 0.7375 0.0484375 0.0796875
27 0.3375 0.7375 0.0484375 0.0796875
27 0.3875 0.7375 0.046875 0.0796875
27 0.4359375 0.7375 0.046875 0.078125
25 0.415625 0.521875 0.03125 0.0390625
18 0.4484375 0.521875 0.0296875 0.0390625
31 0.4796875 0.521875 0.0296875 0.040625
29 0.5109375 0.5203125 0.0296875 0.0390625
32 0.384375 0.3796875 0.0390625 0.01875
0 0.3828125 0.3984375 0.0375 0.01875
1 0.38125 0.4234375 0.0390625 0.028125
7 0.4859375 0.3609375 0.0265625 0.0328125
25 0.5140625 0.3625 0.028125 0.0328125
33 0.5421875 0.3625 0.0265625 0.0328125
28 0.5703125 0.3609375 0.025 0.0328125
2 0.6203125 0.4890625 0.0421875 0.03125
0 0.6203125 0.4609375 0.0421875 0.0203125
29 0.6171875 0.440625 0.040625 0.0203125
31 0.6140625 0.4203125 0.040625 0.01875
30 0.6125 0.4 0.0390625 0.01875
33 0.8140625 0.284375 0.0328125 0.0296875
33 0.8 0.246875 0.0375 0.0140625
33 0.8046875 0.2625 0.0375 0.0125
13 0.721875 0.7421875 0.053125 0.0390625
16 0.765625 0.7359375 0.0390625 0.05
19 0.803125 0.7359375 0.0421875 0.0484375
32 0.840625 0.7359375 0.04375 0.0484375
32 0.8859375 0.7421875 0.053125 0.040625
32 0.9265625 0.7359375 0.0484375 0.05
12 0.028125 0.265625 0.028125 0.0421875