12 0.7375 0.859375 0.0796875 0.05
11 0.7375 0.809375 0.0796875 0.0484375
17 0.7375 0.7609375 0.0796875 0.0484375
17 0.7375 0.7109375 0.0796875 0.0484375
27 0.7375 0.6625 0.0796875 0.0484375
27 0.7375 0.6125 0.0796875 0.046875
27 0.7375 0.5640625 0.078125 0.046875
25 0.521875 0.584375 0.0390625 0.03125
18 0.521875 0.5515625 0.0390625 0.0296875
31 0.521875 0.5203125 0.040625 0.0296875
29 0.5203125 0.4890625 0.0390625 0.0296875
32 0.3796875 0.615625 0.01875 0.0390625
0 0.3984375 0.6171875 0.01875 0.0375
1 0.4234375 0.61875 0.028125 0.0390625
7 0.3609375 0.5140625 0.0328125 0.0265625
25 0.3625 0.4859375 0.0328125 0.028125
33 0.3625 0.4578125 0.0328125 0.0265625
28 0.3609375 0.4296875 0.0328125 0.025
2 0.4890625 0.3796875 0.03125 0.0421875
0 0.4609375 0.3796875 0.0203125 0.0421875
29 0.440625 0.3828125 0.0203125 0.040625
31 0.4203125 0.3859375 0.01875 0.040625
30 0.4 0.3875 0.01875 0.0390625
33 0.284375 0.1859375 0.0296875 0.0328125
33 0.246875 0.2 0.0140625 0.0375
33 0.2625 0.1953125 0.0125 0.0375
13 0.7421875 0.278125 0.0390625 0.053125
16 0.7359375 0.234375 0.05 0.0390625
19 0.7359375 0.196875 0.0484375 0.0421875
32 0.7359375 0.159375 0.0484375 0.04375
32 0.7421875 0.1140625 0.040625 0.053125
32 0.7359375 0.0734375 0.05 0.0484375
12 0.265625 0.971875 0.0421875 0.028125