25 0.4171875 0.5171875 0.0296875 0.03125
18 0.4484375 0.5171875 0.0296875 0.03125
31 0.4796875 0.515625 0.0296875 0.03125
22 0.4140625 0.5515625 0.0328125 0.0328125
2 0.4484375 0.55 0.03125 0.0328125
28 0.48125 0.5546875 0.03125 0.0421875
29 0.5125 0.5171875 0.0296875 0.03125
25 0.446875 0.5890625 0.0328125 0.040625
4 0.4125 0.5890625 0.034375 0.0421875
16 0.5140625 0.5546875 0.0328125 0.0421875
26 0.54375 0.5171875 0.03125 0.0328125
24 0.5765625 0.5171875 0.0328125 0.03125
21 0.546875 0.5546875 0.03125 0.0421875
31 0.58125 0.5546875 0.0328125 0.040625
12 0.140625 0.7375 0.0484375 0.078125
12 0.1890625 0.7375 0.0484375 0.078125
11 0.2390625 0.7375 0.0484375 0.078125
17 0.2890625 0.7375 0.0484375 0.078125
27 0.5546875 0.7359375 0.0359375 0.05
27 0.5921875 0.7375 0.0359375 0.0515625
27 0.6296875 0.7359375 0.0375 0.05
27 0.6734375 0.7421875 0.05 0.040625
13 0.7234375 0.740625 0.0515625 0.040625
16 0.765625 0.7359375 0.0421875 0.05
19 0.803125 0.7359375 0.0421875 0.05
32 0.840625 0.7359375 0.04375 0.0484375
32 0.884375 0.740625 0.0515625 0.040625
32 0.928125 0.7375 0.0453125 0.05
2 0.621875 0.4890625 0.0421875 0.03125
28 0.6625 0.4890625 0.0421875 0.03125
0 0.6203125 0.4625 0.0390625 0.0203125
9 0.6609375 0.4609375 0.040625 0.0203125
21 0.7015625 0.4609375 0.040625 0.021875
15 0.70625 0.4890625 0.0421875 0.03125
29 0.61875 0.440625 0.0390625 0.0203125
13 0.6578125 0.440625 0.0390625 0.0203125
31 0.6140625 0.4203125 0.040625 0.01875
7 0.6546875 0.4203125 0.0390625 0.0203125
30 0.6140625 0.4 0.0390625 0.01875
24 0.6109375 0.38125 0.0375 0.0171875
21 0.65 0.38125 0.0375 0.01875
16 0.653125 0.4 0.0375 0.01875
21 0.4328125 0.3328125 0.025 0.021875
30 0.43125 0.3625 0.0265625 0.0328125
6 0.459375 0.3609375 0.0265625 0.0328125
19 0.459375 0.3328125 0.025 0.0234375
7 0.4859375 0.3609375 0.0265625 0.0328125
25 0.5140625 0.3625 0.0265625 0.0328125
4 0.4859375 0.3328125 0.025 0.0234375
24 0.5140625 0.3328125 0.025 0.0234375
5 0.540625 0.309375 0.025 0.021875
30 0.5421875 0.3328125 0.0265625 0.021875
33 0.5421875 0.3625 0.0265625 0.0328125
28 0.5703125 0.3609375 0.0265625 0.034375
30 0.56875 0.3328125 0.0265625 0.021875
8 0.56875 0.3109375 0.025 0.021875
32 0.3859375 0.3796875 0.0375 0.01875
0 0.3828125 0.4 0.0375 0.01875
1 0.38125 0.41875 0.0375 0.0203125
19 0.378125 0.440625 0.0375 0.0203125
29 0.378125 0.4609375 0.0390625 0.0203125
28 0.3765625 0.4875 0.040625 0.03125
0 0.346875 0.3796875 0.0359375 0.01875
7 0.3453125 0.4 0.0359375 0.01875
2 0.340625 0.41875 0.0390625 0.0203125
4 0.3390625 0.440625 0.0390625 0.0203125
5 0.3359375 0.4609375 0.0421875 0.021875
11 0.3328125 0.4890625 0.0421875 0.03125
11 0.309375 0.3796875 0.0390625 0.01875
1 0.3046875 0.403125 0.0390625 0.0296875
12 0.028125 0.2640625 0.0265625 0.0421875
18 0.0578125 0.265625 0.028125 0.040625
3 0.2171875 0.2515625 0.028125 0.0296875
3 0.246875 0.2484375 0.034375 0.025
3 0.2765625 0.2515625 0.028125 0.0296875
17 0.83125 0.3390625 0.0328125 0.0328125
14 0.821875 0.3140625 0.040625 0.015625
20 0.815625 0.296875 0.0390625 0.015625
33 0.8015625 0.246875 0.0375 0.0125
33 0.8046875 0.2625 0.0375 0.0140625
33 0.8140625 0.2796875 0.03125 0.01875