25 0.5171875 0.5828125 0.03125 0.0296875
18 0.5171875 0.5515625 0.03125 0.0296875
31 0.515625 0.5203125 0.03125 0.0296875
22 0.5515625 0.5859375 0.0328125 0.0328125
2 0.55 0.5515625 0.0328125 0.03125
28 0.5546875 0.51875 0.0421875 0.03125
29 0.5171875 0.4875 0.03125 0.0296875
25 0.5890625 0.553125 0.040625 0.0328125
4 0.5890625 0.5875 0.0421875 0.034375
16 0.5546875 0.4859375 0.0421875 0.0328125
26 0.5171875 0.45625 0.0328125 0.03125
24 0.5171875 0.4234375 0.03125 0.0328125
21 0.5546875 0.453125 0.0421875 0.03125
31 0.5546875 0.41875 0.040625 0.0328125
12 0.7375 0.859375 0.078125 0.0484375
12 0.7375 0.8109375 0.078125 0.0484375
11 0.7375 0.7609375 0.078125 0.0484375
17 0.7375 0.7109375 0.078125 0.0484375
27 0.7359375 0.4453125 0.05 0.0359375
27 0.7375 0.4078125 0.0515625 0.0359375
27 0.7359375 0.3703125 0.05 0.0375
27 0.7421875 0.3265625 0.040625 0.05
13 0.740625 0.2765625 0.040625 0.0515625
16 0.7359375 0.234375 0.05 0.0421875
19 0.7359375 0.196875 0.05 0.0421875
32 0.7359375 0.159375 0.0484375 0.04375
32 0.740625 0.115625 0.040625 0.0515625
32 0.7375 0.071875 0.05 0.0453125
2 0.4890625 0.378125 0.03125 0.0421875
28 0.4890625 0.3375 0.03125 0.0421875
0 0.4625 0.3796875 0.0203125 0.0390625
9 0.4609375 0.3390625 0.0203125 0.040625
21 0.4609375 0.2984375 0.021875 0.040625
15 0.4890625 0.29375 0.03125 0.0421875
29 0.440625 0.38125 0.0203125 0.0390625
13 0.440625 0.3421875 0.0203125 0.0390625
31 0.4203125 0.3859375 0.01875 0.040625
7 0.4203125 0.3453125 0.0203125 0.0390625
30 0.4 0.3859375 0.01875 0.0390625
24 0.38125 0.3890625 0.0171875 0.0375
21 0.38125 0.35 0.01875 0.0375
16 0.4 0.346875 0.01875 0.0375
21 0.3328125 0.5671875 0.021875 0.025
30 0.3625 0.56875 0.0328125 0.0265625
6 0.3609375 0.540625 0.0328125 0.0265625
19 0.3328125 0.540625 0.0234375 0.025
7 0.3609375 0.5140625 0.0328125 0.0265625
25 0.3625 0.4859375 0.0328125 0.0265625
4 0.3328125 0.5140625 0.0234375 0.025
24 0.3328125 0.4859375 0.0234375 0.025
5 0.309375 0.459375 0.021875 0.025
30 0.3328125 0.4578125 0.021875 0.0265625
33 0.3625 0.4578125 0.0328125 0.0265625
28 0.3609375 0.4296875 0.034375 0.0265625
30 0.3328125 0.43125 0.021875 0.0265625
8 0.3109375 0.43125 0.021875 0.025
32 0.3796875 0.6140625 0.01875 0.0375
0 0.4 0.6171875 0.01875 0.0375
1 0.41875 0.61875 0.0203125 0.0375
19 0.440625 0.621875 0.0203125 0.0375
29 0.4609375 0.621875 0.0203125 0.0390625
28 0.4875 0.6234375 0.03125 0.040625
0 0.3796875 0.653125 0.01875 0.0359375
7 0.4 0.6546875 0.01875 0.0359375
2 0.41875 0.659375 0.0203125 0.0390625
4 0.440625 0.6609375 0.0203125 0.0390625
5 0.4609375 0.6640625 0.021875 0.0421875
11 0.4890625 0.6671875 0.03125 0.0421875
11 0.3796875 0.690625 0.01875 0.0390625
1 0.403125 0.6953125 0.0296875 0.0390625
12 0.2640625 0.971875 0.0421875 0.0265625
18 0.265625 0.9421875 0.040625 0.028125
3 0.2515625 0.7828125 0.0296875 0.028125
3 0.2484375 0.753125 0.025 0.034375
3 0.2515625 0.7234375 0.0296875 0.028125
17 0.3390625 0.16875 0.0328125 0.0328125
14 0.3140625 0.178125 0.015625 0.040625
20 0.296875 0.184375 0.015625 0.0390625
33 0.246875 0.1984375 0.0125 0.0375
33 0.2625 0.1953125 0.0140625 0.0375
33 0.2796875 0.1859375 0.01875 0.03125