1 0.8609375 0.2625 0.0484375 0.078125
4 0.809375 0.2609375 0.0484375 0.078125
7 0.7609375 0.2625 0.046875 0.0796875
7 0.7109375 0.2625 0.0484375 0.078125
13 0.6625 0.2625 0.0453125 0.078125
13 0.6125 0.2625 0.0484375 0.0765625
19 0.5625 0.2625 0.0484375 0.078125
25 0.5140625 0.2625 0.046875 0.078125
8 0.4640625 0.2625 0.0484375 0.078125
11 0.4140625 0.2609375 0.0484375 0.0765625
11 0.365625 0.2625 0.046875 0.078125
17 0.315625 0.2625 0.046875 0.078125
23 0.2671875 0.2625 0.0484375 0.0765625
28 0.2015625 0.2625 0.0484375 0.078125
32 0.5828125 0.4765625 0.0296875 0.0390625
32 0.5515625 0.478125 0.0296875 0.040625
28 0.51875 0.478125 0.0296875 0.0390625
27 0.4875 0.478125 0.0296875 0.0390625
4 0.109375 0.375 0.0515625 0.0359375
10 0.11875 0.40625 0.053125 0.025
16 0.1265625 0.4328125 0.05 0.025
16 0.1328125 0.4578125 0.05 0.0234375
16 0.1390625 0.48125 0.0484375 0.0234375
19 0.146875 0.5046875 0.0484375 0.021875
22 0.153125 0.5265625 0.046875 0.0203125
22 0.159375 0.5484375 0.0453125 0.0203125
14 0.165625 0.56875 0.0453125 0.01875
20 0.171875 0.5890625 0.04375 0.0171875
33 0.1765625 0.6078125 0.0421875 0.0171875
29 0.1828125 0.6265625 0.0421875 0.0171875
29 0.1875 0.64375 0.040625 0.015625
2 0.378125 0.5109375 0.0421875 0.03125
26 0.38125 0.5375 0.0421875 0.0203125
32 0.3828125 0.559375 0.0390625 0.0203125
8 0.384375 0.58125 0.0390625 0.01875
10 0.6234375 0.5359375 0.040625 0.0296875
4 0.6203125 0.5609375 0.0390625 0.01875
30 0.61875 0.58125 0.0390625 0.0203125
32 0.615625 0.6015625 0.0375 0.01875
30 0.6140625 0.621875 0.0375 0.0171875
33 0.8578125 0.4828125 0.046875 0.03125
31 0.971875 0.734375 0.028125 0.040625
24 0.7921875 0.7140625 0.0375 0.0140625
24 0.796875 0.6984375 0.0390625 0.015625
4 0.8015625 0.68125 0.0390625 0.015625
19 0.80625 0.665625 0.040625 0.015625
22 0.8109375 0.6484375 0.0390625 0.015625
2 0.815625 0.6296875 0.040625 0.0171875
5 0.821875 0.6125 0.0421875 0.0171875
14 0.828125 0.5921875 0.0421875 0.01875
17 0.8328125 0.5734375 0.04375 0.01875
17 0.8390625 0.553125 0.04375 0.0203125
23 0.8453125 0.53125 0.0453125 0.01875
26 0.8515625 0.509375 0.046875 0.0203125