6 0.659375 0.3390625 0.059375 0.0421875
9 0.6640625 0.378125 0.059375 0.0421875
10 0.6671875 0.415625 0.059375 0.0421875
13 0.671875 0.453125 0.059375 0.0421875
16 0.675 0.4921875 0.059375 0.0421875
6 0.609375 0.5328125 0.0453125 0.0328125
32 0.6125 0.5625 0.0453125 0.03125
12 0.615625 0.590625 0.0453125 0.03125
11 0.6796875 0.5296875 0.059375 0.0421875
11 0.6828125 0.56875 0.059375 0.0421875
14 0.6875 0.60625 0.059375 0.0421875
17 0.690625 0.6453125 0.059375 0.0421875
20 0.6953125 0.6828125 0.059375 0.0421875
15 0.7015625 0.740625 0.059375 0.0421875
18 0.7046875 0.778125 0.059375 0.0421875
22 0.709375 0.815625 0.059375 0.040625
12 0.715625 0.8734375 0.059375 0.0421875