6 0.3390625 0.340625 0.0421875 0.059375
9 0.378125 0.3359375 0.0421875 0.059375
10 0.415625 0.3328125 0.0421875 0.059375
13 0.453125 0.328125 0.0421875 0.059375
16 0.4921875 0.325 0.0421875 0.059375
6 0.5328125 0.390625 0.0328125 0.0453125
32 0.5625 0.3875 0.03125 0.0453125
12 0.590625 0.384375 0.03125 0.0453125
11 0.5296875 0.3203125 0.0421875 0.059375
11 0.56875 0.3171875 0.0421875 0.059375
14 0.60625 0.3125 0.0421875 0.059375
17 0.6453125 0.309375 0.0421875 0.059375
20 0.6828125 0.3046875 0.0421875 0.059375
15 0.740625 0.2984375 0.0421875 0.059375
18 0.778125 0.2953125 0.0421875 0.059375
22 0.815625 0.290625 0.040625 0.059375
12 0.8734375 0.284375 0.0421875 0.059375