32 0.2734375 0.965625 0.0375 0.0265625
25 0.275 0.9375 0.0375 0.0265625
12 0.3875 0.6890625 0.0203125 0.0375
15 0.4078125 0.6921875 0.01875 0.0390625
14 0.428125 0.6953125 0.0203125 0.0375
24 0.4484375 0.7 0.01875 0.0390625
1 0.3890625 0.6515625 0.0171875 0.0328125
28 0.4078125 0.6546875 0.0171875 0.0359375
31 0.425 0.65625 0.0171875 0.0375
13 0.446875 0.659375 0.021875 0.0375
28 0.4671875 0.6625 0.0203125 0.0390625
31 0.4890625 0.665625 0.0203125 0.0375
27 0.3890625 0.6140625 0.0171875 0.0359375
2 0.4078125 0.6140625 0.01875 0.0390625
26 0.4265625 0.6171875 0.01875 0.0359375
3 0.446875 0.6203125 0.0203125 0.0375
13 0.4703125 0.621875 0.028125 0.028125
12 0.4953125 0.625 0.021875 0.040625
27 0.5234375 0.5828125 0.0296875 0.0296875
31 0.525 0.55 0.0296875 0.03125
16 0.525 0.51875 0.0296875 0.028125
25 0.5234375 0.4875 0.028125 0.03125
26 0.5234375 0.4546875 0.0296875 0.0296875
23 0.5234375 0.4234375 0.028125 0.0296875
22 0.5578125 0.584375 0.034375 0.0296875
21 0.55625 0.553125 0.0296875 0.0265625
3 0.55625 0.5203125 0.0296875 0.0296875
30 0.5578125 0.4875 0.03125 0.03125
30 0.5578125 0.45625 0.03125 0.03125
5 0.55625 0.4234375 0.0296875 0.0296875
2 0.5921875 0.5875 0.0328125 0.0296875
4 0.5921875 0.553125 0.03125 0.0296875
25 0.5921875 0.5203125 0.0296875 0.03125
1 0.5921875 0.4859375 0.0296875 0.0328125
0 0.7484375 0.8546875 0.0671875 0.046875
0 0.7484375 0.80625 0.06875 0.046875
4 0.746875 0.759375 0.06875 0.046875
7 0.746875 0.709375 0.06875 0.046875
10 0.746875 0.6609375 0.0671875 0.0453125
14 0.746875 0.6109375 0.0671875 0.046875
17 0.7484375 0.5625 0.06875 0.0484375
9 0.746875 0.4984375 0.0671875 0.046875
2 0.740625 0.2796875 0.028125 0.05
5 0.7359375 0.2375 0.040625 0.0390625
8 0.7359375 0.2 0.0375 0.040625
29 0.709375 0.1640625 0.028125 0.0484375
29 0.7421875 0.15625 0.0265625 0.0484375
29 0.7359375 0.1140625 0.0375 0.0421875
29 0.7359375 0.078125 0.0375 0.0421875
32 0.4921875 0.3796875 0.0203125 0.034375
33 0.4703125 0.3828125 0.0203125 0.0390625
27 0.4484375 0.384375 0.0203125 0.0359375
2 0.4296875 0.3859375 0.0203125 0.0359375
24 0.409375 0.3890625 0.01875 0.0359375
31 0.3890625 0.390625 0.0171875 0.0359375
27 0.3890625 0.3515625 0.01875 0.0359375
3 0.4078125 0.35 0.0203125 0.0359375
32 0.428125 0.346875 0.0203125 0.0375
26 0.4484375 0.34375 0.0203125 0.0375
30 0.46875 0.340625 0.0203125 0.040625
21 0.490625 0.3375 0.01875 0.0390625
24 0.3890625 0.315625 0.0171875 0.034375
24 0.409375 0.309375 0.01875 0.0375
1 0.428125 0.3078125 0.0203125 0.0375
28 0.4484375 0.3046875 0.0203125 0.0375
1 0.4703125 0.3 0.0203125 0.0359375
16 0.4921875 0.2953125 0.0203125 0.0390625
30 0.3203125 0.5671875 0.0234375 0.0234375
33 0.340625 0.565625 0.021875 0.025
20 0.2578125 0.2015625 0.0140625 0.034375
17 0.271875 0.196875 0.0140625 0.034375
23 0.2890625 0.1875 0.01875 0.0296875
12 0.3078125 0.1875 0.0140625 0.0375
9 0.3234375 0.18125 0.015625 0.034375
15 0.34375 0.1703125 0.021875 0.0296875
15 0.3203125 0.540625 0.021875 0.025
4 0.3203125 0.5140625 0.0203125 0.025
4 0.3203125 0.4875 0.021875 0.0265625
5 0.3203125 0.4609375 0.0203125 0.0234375
33 0.3203125 0.4328125 0.021875 0.0234375
33 0.3421875 0.5390625 0.0203125 0.0234375
16 0.3421875 0.5140625 0.0234375 0.025
13 0.3421875 0.4859375 0.0203125 0.0234375
13 0.3421875 0.459375 0.021875 0.0234375
11 0.3421875 0.43125 0.0203125 0.0265625
11 0.365625 0.56875 0.021875 0.025
32 0.365625 0.540625 0.021875 0.0265625
21 0.365625 0.5140625 0.021875 0.025
21 0.365625 0.4296875 0.021875 0.028125
22 0.365625 0.4859375 0.0203125 0.0265625
25 0.3640625 0.4578125 0.0203125 0.025