32 0.034375 0.2734375 0.0265625 0.0375
25 0.0625 0.275 0.0265625 0.0375
12 0.3109375 0.3875 0.0375 0.0203125
15 0.3078125 0.4078125 0.0390625 0.01875
14 0.3046875 0.428125 0.0375 0.0203125
24 0.3 0.4484375 0.0390625 0.01875
1 0.3484375 0.3890625 0.0328125 0.0171875
28 0.3453125 0.4078125 0.0359375 0.0171875
31 0.34375 0.425 0.0375 0.0171875
13 0.340625 0.446875 0.0375 0.021875
28 0.3375 0.4671875 0.0390625 0.0203125
31 0.334375 0.4890625 0.0375 0.0203125
27 0.3859375 0.3890625 0.0359375 0.0171875
2 0.3859375 0.4078125 0.0390625 0.01875
26 0.3828125 0.4265625 0.0359375 0.01875
3 0.3796875 0.446875 0.0375 0.0203125
13 0.378125 0.4703125 0.028125 0.028125
12 0.375 0.4953125 0.040625 0.021875
27 0.4171875 0.5234375 0.0296875 0.0296875
31 0.45 0.525 0.03125 0.0296875
16 0.48125 0.525 0.028125 0.0296875
25 0.5125 0.5234375 0.03125 0.028125
26 0.5453125 0.5234375 0.0296875 0.0296875
23 0.5765625 0.5234375 0.0296875 0.028125
22 0.415625 0.5578125 0.0296875 0.034375
21 0.446875 0.55625 0.0265625 0.0296875
3 0.4796875 0.55625 0.0296875 0.0296875
30 0.5125 0.5578125 0.03125 0.03125
30 0.54375 0.5578125 0.03125 0.03125
5 0.5765625 0.55625 0.0296875 0.0296875
2 0.4125 0.5921875 0.0296875 0.0328125
4 0.446875 0.5921875 0.0296875 0.03125
25 0.4796875 0.5921875 0.03125 0.0296875
1 0.5140625 0.5921875 0.0328125 0.0296875
0 0.1453125 0.7484375 0.046875 0.0671875
0 0.19375 0.7484375 0.046875 0.06875
4 0.240625 0.746875 0.046875 0.06875
7 0.290625 0.746875 0.046875 0.06875
10 0.3390625 0.746875 0.0453125 0.0671875
14 0.3890625 0.746875 0.046875 0.0671875
17 0.4375 0.7484375 0.0484375 0.06875
9 0.5015625 0.746875 0.046875 0.0671875
2 0.7203125 0.740625 0.05 0.028125
5 0.7625 0.7359375 0.0390625 0.040625
8 0.8 0.7359375 0.040625 0.0375
29 0.8359375 0.709375 0.0484375 0.028125
29 0.84375 0.7421875 0.0484375 0.0265625
29 0.8859375 0.7359375 0.0421875 0.0375
29 0.921875 0.7359375 0.0421875 0.0375
32 0.6203125 0.4921875 0.034375 0.0203125
33 0.6171875 0.4703125 0.0390625 0.0203125
27 0.615625 0.4484375 0.0359375 0.0203125
2 0.6140625 0.4296875 0.0359375 0.0203125
24 0.6109375 0.409375 0.0359375 0.01875
31 0.609375 0.3890625 0.0359375 0.0171875
27 0.6484375 0.3890625 0.0359375 0.01875
3 0.65 0.4078125 0.0359375 0.0203125
32 0.653125 0.428125 0.0375 0.0203125
26 0.65625 0.4484375 0.0375 0.0203125
30 0.659375 0.46875 0.040625 0.0203125
21 0.6625 0.490625 0.0390625 0.01875
24 0.684375 0.3890625 0.034375 0.0171875
24 0.690625 0.409375 0.0375 0.01875
1 0.6921875 0.428125 0.0375 0.0203125
28 0.6953125 0.4484375 0.0375 0.0203125
1 0.7 0.4703125 0.0359375 0.0203125
16 0.7046875 0.4921875 0.0390625 0.0203125
30 0.4328125 0.3203125 0.0234375 0.0234375
33 0.434375 0.340625 0.025 0.021875
20 0.7984375 0.2578125 0.034375 0.0140625
17 0.803125 0.271875 0.034375 0.0140625
23 0.8125 0.2890625 0.0296875 0.01875
12 0.8125 0.3078125 0.0375 0.0140625
9 0.81875 0.3234375 0.034375 0.015625
15 0.8296875 0.34375 0.0296875 0.021875
15 0.459375 0.3203125 0.025 0.021875
4 0.4859375 0.3203125 0.025 0.0203125
4 0.5125 0.3203125 0.0265625 0.021875
5 0.5390625 0.3203125 0.0234375 0.0203125
33 0.5671875 0.3203125 0.0234375 0.021875
33 0.4609375 0.3421875 0.0234375 0.0203125
16 0.4859375 0.3421875 0.025 0.0234375
13 0.5140625 0.3421875 0.0234375 0.0203125
13 0.540625 0.3421875 0.0234375 0.021875
11 0.56875 0.3421875 0.0265625 0.0203125
11 0.43125 0.365625 0.025 0.021875
32 0.459375 0.365625 0.0265625 0.021875
21 0.4859375 0.365625 0.025 0.021875
21 0.5703125 0.365625 0.028125 0.021875
22 0.5140625 0.365625 0.0265625 0.0203125
25 0.5421875 0.3640625 0.025 0.0203125