33 0.2734375 0.965625 0.034375 0.0234375
0 0.2734375 0.9375 0.0375 0.0265625
33 0.2734375 0.9078125 0.0375 0.028125
6 0.746875 0.85625 0.06875 0.046875
9 0.7484375 0.8078125 0.0671875 0.046875
12 0.7484375 0.75625 0.06875 0.046875
15 0.746875 0.7078125 0.06875 0.046875
15 0.7484375 0.6609375 0.06875 0.0484375
15 0.746875 0.6109375 0.06875 0.046875
16 0.746875 0.5625 0.06875 0.0484375
19 0.746875 0.5140625 0.0671875 0.0453125
27 0.7484375 0.4640625 0.0703125 0.0453125
27 0.7484375 0.4171875 0.06875 0.046875
21 0.746875 0.353125 0.06875 0.046875
28 0.7359375 0.2015625 0.0375 0.04375
28 0.7359375 0.165625 0.0375 0.04375
28 0.7375 0.1265625 0.0375 0.04375
28 0.740625 0.08125 0.03125 0.05
9 0.3875 0.65 0.01875 0.0359375
4 0.4078125 0.653125 0.0171875 0.0359375
0 0.428125 0.65625 0.0171875 0.0390625
25 0.4484375 0.659375 0.0203125 0.0375
10 0.46875 0.6625 0.0203125 0.0390625
8 0.49375 0.665625 0.0265625 0.0296875
3 0.3875 0.6125 0.01875 0.0359375
4 0.4078125 0.615625 0.0171875 0.0390625
26 0.4265625 0.6171875 0.01875 0.0390625
31 0.446875 0.6203125 0.0203125 0.0375
1 0.46875 0.621875 0.021875 0.0390625
23 0.490625 0.625 0.0203125 0.0375
1 0.525 0.5828125 0.028125 0.0296875
11 0.525 0.5515625 0.0296875 0.028125
5 0.525 0.51875 0.0296875 0.0296875
11 0.5234375 0.4859375 0.0296875 0.0296875
6 0.525 0.4546875 0.0296875 0.0296875
18 0.525 0.4234375 0.03125 0.0328125
12 0.55625 0.5859375 0.03125 0.0296875
32 0.5578125 0.553125 0.028125 0.0296875
16 0.5578125 0.5203125 0.0296875 0.0296875
23 0.55625 0.4875 0.0296875 0.0296875
4 0.55625 0.453125 0.0296875 0.0296875
16 0.5578125 0.4203125 0.03125 0.03125
21 0.490625 0.3796875 0.0203125 0.0375
25 0.4921875 0.3390625 0.0203125 0.0375
5 0.4703125 0.38125 0.01875 0.0375
3 0.4703125 0.340625 0.0171875 0.0359375
12 0.4484375 0.3828125 0.01875 0.0390625
0 0.4484375 0.34375 0.0203125 0.0375
23 0.4265625 0.384375 0.0203125 0.0375
27 0.428125 0.3453125 0.01875 0.0359375
32 0.4078125 0.3875 0.0203125 0.0375
23 0.3859375 0.3890625 0.025 0.0296875
5 0.365625 0.43125 0.021875 0.025
14 0.365625 0.4578125 0.0234375 0.0265625
10 0.3671875 0.4859375 0.021875 0.0265625
11 0.3671875 0.5140625 0.021875 0.025
17 0.365625 0.5421875 0.0234375 0.028125
31 0.365625 0.56875 0.0203125 0.028125
9 0.3421875 0.5671875 0.021875 0.0234375
6 0.3421875 0.540625 0.0234375 0.0265625
31 0.3421875 0.5125 0.0234375 0.0234375
3 0.3421875 0.4859375 0.021875 0.025
12 0.3421875 0.459375 0.0203125 0.025
33 0.3421875 0.4328125 0.0234375 0.0265625
26 0.25625 0.7796875 0.01875 0.0265625
26 0.2546875 0.75 0.015625 0.03125
26 0.2546875 0.721875 0.01875 0.0234375
24 0.25625 0.696875 0.01875 0.0234375
24 0.25625 0.671875 0.01875 0.025
24 0.25625 0.6484375 0.0171875 0.021875
24 0.2546875 0.61875 0.0140625 0.028125