33 0.965625 0.7265625 0.0234375 0.034375
0 0.9375 0.7265625 0.0265625 0.0375
33 0.9078125 0.7265625 0.028125 0.0375
6 0.85625 0.253125 0.046875 0.06875
9 0.8078125 0.2515625 0.046875 0.0671875
12 0.75625 0.2515625 0.046875 0.06875
15 0.7078125 0.253125 0.046875 0.06875
15 0.6609375 0.2515625 0.0484375 0.06875
15 0.6109375 0.253125 0.046875 0.06875
16 0.5625 0.253125 0.0484375 0.06875
19 0.5140625 0.253125 0.0453125 0.0671875
27 0.4640625 0.2515625 0.0453125 0.0703125
27 0.4171875 0.2515625 0.046875 0.06875
21 0.353125 0.253125 0.046875 0.06875
28 0.2015625 0.2640625 0.04375 0.0375
28 0.165625 0.2640625 0.04375 0.0375
28 0.1265625 0.2625 0.04375 0.0375
28 0.08125 0.259375 0.05 0.03125
9 0.65 0.6125 0.0359375 0.01875
4 0.653125 0.5921875 0.0359375 0.0171875
0 0.65625 0.571875 0.0390625 0.0171875
25 0.659375 0.5515625 0.0375 0.0203125
10 0.6625 0.53125 0.0390625 0.0203125
8 0.665625 0.50625 0.0296875 0.0265625
3 0.6125 0.6125 0.0359375 0.01875
4 0.615625 0.5921875 0.0390625 0.0171875
26 0.6171875 0.5734375 0.0390625 0.01875
31 0.6203125 0.553125 0.0375 0.0203125
1 0.621875 0.53125 0.0390625 0.021875
23 0.625 0.509375 0.0375 0.0203125
1 0.5828125 0.475 0.0296875 0.028125
11 0.5515625 0.475 0.028125 0.0296875
5 0.51875 0.475 0.0296875 0.0296875
11 0.4859375 0.4765625 0.0296875 0.0296875
6 0.4546875 0.475 0.0296875 0.0296875
18 0.4234375 0.475 0.0328125 0.03125
12 0.5859375 0.44375 0.0296875 0.03125
32 0.553125 0.4421875 0.0296875 0.028125
16 0.5203125 0.4421875 0.0296875 0.0296875
23 0.4875 0.44375 0.0296875 0.0296875
4 0.453125 0.44375 0.0296875 0.0296875
16 0.4203125 0.4421875 0.03125 0.03125
21 0.3796875 0.509375 0.0375 0.0203125
25 0.3390625 0.5078125 0.0375 0.0203125
5 0.38125 0.5296875 0.0375 0.01875
3 0.340625 0.5296875 0.0359375 0.0171875
12 0.3828125 0.5515625 0.0390625 0.01875
0 0.34375 0.5515625 0.0375 0.0203125
23 0.384375 0.5734375 0.0375 0.0203125
27 0.3453125 0.571875 0.0359375 0.01875
32 0.3875 0.5921875 0.0375 0.0203125
23 0.3890625 0.6140625 0.0296875 0.025
5 0.43125 0.634375 0.025 0.021875
14 0.4578125 0.634375 0.0265625 0.0234375
10 0.4859375 0.6328125 0.0265625 0.021875
11 0.5140625 0.6328125 0.025 0.021875
17 0.5421875 0.634375 0.028125 0.0234375
31 0.56875 0.634375 0.028125 0.0203125
9 0.5671875 0.6578125 0.0234375 0.021875
6 0.540625 0.6578125 0.0265625 0.0234375
31 0.5125 0.6578125 0.0234375 0.0234375
3 0.4859375 0.6578125 0.025 0.021875
12 0.459375 0.6578125 0.025 0.0203125
33 0.4328125 0.6578125 0.0265625 0.0234375
26 0.7796875 0.74375 0.0265625 0.01875
26 0.75 0.7453125 0.03125 0.015625
26 0.721875 0.7453125 0.0234375 0.01875
24 0.696875 0.74375 0.0234375 0.01875
24 0.671875 0.74375 0.025 0.01875
24 0.6484375 0.74375 0.021875 0.0171875
24 0.61875 0.7453125 0.028125 0.0140625