27 0.034375 0.275 0.025 0.0375
23 0.3484375 0.3875 0.0359375 0.01875
26 0.3453125 0.4078125 0.0359375 0.0171875
26 0.34375 0.428125 0.0375 0.021875
24 0.3390625 0.4484375 0.0375 0.01875
23 0.3375 0.46875 0.0375 0.0203125
29 0.3859375 0.3890625 0.0359375 0.0171875
28 0.3859375 0.4078125 0.0359375 0.0203125
1 0.3828125 0.4265625 0.0375 0.0203125
2 0.3796875 0.4484375 0.0375 0.0203125
10 0.378125 0.46875 0.0375 0.0203125
2 0.375 0.4921875 0.0375 0.0203125
24 0.4171875 0.5234375 0.028125 0.0265625
16 0.4140625 0.55625 0.03125 0.0296875
28 0.45 0.525 0.028125 0.0296875
19 0.4484375 0.5578125 0.03125 0.0296875
30 0.48125 0.525 0.03125 0.028125
5 0.4796875 0.55625 0.03125 0.0296875
8 0.5140625 0.55625 0.0328125 0.0296875
11 0.5453125 0.55625 0.03125 0.03125
2 0.5140625 0.525 0.03125 0.03125
1 0.5453125 0.5265625 0.028125 0.0296875
31 0.5765625 0.525 0.0296875 0.0296875
27 0.5796875 0.55625 0.0296875 0.028125
22 0.0796875 0.6390625 0.0390625 0.0328125
19 0.0765625 0.6703125 0.05 0.025
25 0.0671875 0.7015625 0.0515625 0.028125
3 0.14375 0.746875 0.0453125 0.0671875
9 0.1921875 0.7453125 0.0453125 0.071875
9 0.240625 0.7484375 0.0453125 0.0671875
12 0.290625 0.7484375 0.046875 0.0671875
15 0.340625 0.7484375 0.046875 0.06875
18 0.3890625 0.746875 0.0453125 0.06875
18 0.4375 0.746875 0.0453125 0.06875
13 0.5015625 0.746875 0.0453125 0.06875
4 0.71875 0.7421875 0.0484375 0.0296875
7 0.7625 0.7359375 0.0421875 0.0375
10 0.7984375 0.7359375 0.040625 0.0390625
17 0.8421875 0.7421875 0.0515625 0.028125
11 0.8859375 0.7375 0.04375 0.0390625
14 0.921875 0.7359375 0.046875 0.0375
30 0.6203125 0.490625 0.0375 0.0203125
29 0.6171875 0.4703125 0.034375 0.0203125
25 0.615625 0.4484375 0.0359375 0.0203125
22 0.6125 0.428125 0.0375 0.0203125
13 0.6109375 0.4078125 0.0359375 0.0203125
19 0.609375 0.3890625 0.034375 0.01875
24 0.6609375 0.490625 0.040625 0.021875
24 0.7046875 0.490625 0.0359375 0.01875
8 0.659375 0.4703125 0.0375 0.01875
1 0.65625 0.45 0.0375 0.0171875
10 0.6546875 0.4296875 0.0359375 0.021875
4 0.6515625 0.409375 0.0359375 0.01875
5 0.6484375 0.3890625 0.0375 0.01875
17 0.4328125 0.340625 0.0265625 0.025
14 0.4609375 0.3421875 0.0265625 0.021875
14 0.4875 0.3421875 0.0234375 0.0234375
20 0.5140625 0.3421875 0.025 0.0203125
5 0.540625 0.3421875 0.0265625 0.0234375
10 0.56875 0.3421875 0.025 0.021875
3 0.43125 0.365625 0.0265625 0.021875
4 0.459375 0.365625 0.0265625 0.0203125
12 0.4859375 0.365625 0.025 0.021875
7 0.5140625 0.365625 0.025 0.0234375
21 0.5421875 0.365625 0.025 0.021875
13 0.5703125 0.365625 0.025 0.021875