6 0.3484375 0.3890625 0.034375 0.01875
28 0.3453125 0.40625 0.0359375 0.0171875
28 0.4296875 0.3640625 0.025 0.021875
28 0.5671875 0.3421875 0.0265625 0.0203125
18 0.540625 0.3421875 0.028125 0.0203125
23 0.45625 0.3640625 0.0265625 0.021875
31 0.4859375 0.365625 0.025 0.0234375
31 0.6203125 0.490625 0.0375 0.0203125
11 0.5125 0.3640625 0.0265625 0.0234375
24 0.5421875 0.3640625 0.025 0.0234375
4 0.56875 0.365625 0.028125 0.021875
4 0.3859375 0.40625 0.0359375 0.01875
30 0.3859375 0.3890625 0.034375 0.01875
8 0.38125 0.428125 0.0375 0.0203125
16 0.3796875 0.4515625 0.028125 0.025
0 0.378125 0.475 0.040625 0.021875
0 0.1453125 0.7484375 0.046875 0.06875
0 0.19375 0.7484375 0.046875 0.0671875
3 0.2421875 0.746875 0.04375 0.065625
3 0.2890625 0.746875 0.0453125 0.0671875
3 0.3390625 0.746875 0.0453125 0.0671875
18 0.3734375 0.496875 0.040625 0.021875
5 0.3875 0.7484375 0.046875 0.06875
5 0.4375 0.746875 0.04375 0.0671875
5 0.415625 0.55625 0.0328125 0.0296875
8 0.4859375 0.746875 0.046875 0.0671875
8 0.534375 0.746875 0.046875 0.0671875
11 0.584375 0.7484375 0.046875 0.06875
11 0.7953125 0.746875 0.046875 0.0671875
20 0.6328125 0.746875 0.0484375 0.06875
23 0.68125 0.7484375 0.0484375 0.0671875
26 0.7296875 0.7484375 0.0484375 0.06875
30 0.4484375 0.55625 0.0328125 0.0296875
30 0.4171875 0.525 0.0296875 0.028125
25 0.45 0.5234375 0.0296875 0.03125
27 0.48125 0.525 0.0296875 0.0296875
29 0.5125 0.525 0.0296875 0.028125
16 0.5453125 0.5234375 0.03125 0.0296875
6 0.5828125 0.525 0.040625 0.021875
10 0.6609375 0.4921875 0.0375 0.01875
21 0.659375 0.46875 0.0359375 0.0203125
1 0.615625 0.4703125 0.0390625 0.021875
32 0.615625 0.45 0.0390625 0.0203125
32 0.6140625 0.428125 0.040625 0.0203125
32 0.6109375 0.4078125 0.034375 0.0171875
24 0.6109375 0.3890625 0.034375 0.0171875