25 0.034375 0.2734375 0.028125 0.0359375
2 0.346875 0.3890625 0.034375 0.01875
5 0.3453125 0.4078125 0.0359375 0.01875
25 0.3859375 0.3890625 0.0375 0.0171875
10 0.3859375 0.4078125 0.0359375 0.01875
33 0.3828125 0.4265625 0.0375 0.0171875
1 0.38125 0.4484375 0.0359375 0.0203125
22 0.378125 0.46875 0.0375 0.01875
2 0.3765625 0.490625 0.0375 0.01875
30 0.4171875 0.525 0.0296875 0.03125
33 0.4484375 0.5234375 0.0296875 0.03125
32 0.4796875 0.525 0.028125 0.0296875
8 0.5125 0.5234375 0.03125 0.0296875
15 0.54375 0.5234375 0.0296875 0.0265625
31 0.575 0.5234375 0.028125 0.025
19 0.415625 0.55625 0.0296875 0.0296875
26 0.446875 0.55625 0.0296875 0.0296875
30 0.4796875 0.55625 0.03125 0.0296875
14 0.0796875 0.6390625 0.0390625 0.034375
17 0.075 0.671875 0.0484375 0.0265625
20 0.065625 0.703125 0.053125 0.028125
4 0.14375 0.7484375 0.0453125 0.0703125
4 0.1921875 0.746875 0.0484375 0.06875
7 0.240625 0.7484375 0.046875 0.0703125
10 0.290625 0.7484375 0.0484375 0.06875
13 0.3375 0.746875 0.046875 0.06875
16 0.3890625 0.746875 0.04375 0.06875
17 0.4375 0.746875 0.046875 0.0671875
20 0.4859375 0.7484375 0.0453125 0.06875
23 0.534375 0.7484375 0.0453125 0.06875
23 0.5828125 0.746875 0.0453125 0.06875
9 0.6484375 0.746875 0.046875 0.0671875
3 0.8421875 0.740625 0.0484375 0.028125
6 0.884375 0.7375 0.0421875 0.0390625
9 0.9234375 0.7359375 0.0453125 0.0390625
33 0.6203125 0.490625 0.0359375 0.01875
2 0.6625 0.4921875 0.0390625 0.0203125
2 0.65625 0.45 0.0375 0.0203125
27 0.61875 0.4703125 0.0390625 0.0203125
27 0.659375 0.4703125 0.0390625 0.0203125
22 0.6171875 0.4484375 0.0375 0.0203125
24 0.6140625 0.428125 0.0375 0.01875
8 0.6109375 0.4078125 0.040625 0.0171875
13 0.609375 0.390625 0.034375 0.01875
11 0.4265625 0.365625 0.0328125 0.015625
19 0.4578125 0.365625 0.025 0.0234375
28 0.4859375 0.365625 0.0265625 0.021875
25 0.5140625 0.365625 0.0265625 0.021875
31 0.5421875 0.3671875 0.0234375 0.021875
0 0.56875 0.365625 0.0265625 0.0203125
14 0.540625 0.3421875 0.0265625 0.021875
5 0.56875 0.3421875 0.025 0.0234375