25 0.2734375 0.965625 0.0359375 0.028125
2 0.3890625 0.653125 0.01875 0.034375
5 0.4078125 0.6546875 0.01875 0.0359375
25 0.3890625 0.6140625 0.0171875 0.0375
10 0.4078125 0.6140625 0.01875 0.0359375
33 0.4265625 0.6171875 0.0171875 0.0375
1 0.4484375 0.61875 0.0203125 0.0359375
22 0.46875 0.621875 0.01875 0.0375
2 0.490625 0.6234375 0.01875 0.0375
30 0.525 0.5828125 0.03125 0.0296875
33 0.5234375 0.5515625 0.03125 0.0296875
32 0.525 0.5203125 0.0296875 0.028125
8 0.5234375 0.4875 0.0296875 0.03125
15 0.5234375 0.45625 0.0265625 0.0296875
31 0.5234375 0.425 0.025 0.028125
19 0.55625 0.584375 0.0296875 0.0296875
26 0.55625 0.553125 0.0296875 0.0296875
30 0.55625 0.5203125 0.0296875 0.03125
14 0.6390625 0.9203125 0.034375 0.0390625
17 0.671875 0.925 0.0265625 0.0484375
20 0.703125 0.934375 0.028125 0.053125
4 0.7484375 0.85625 0.0703125 0.0453125
4 0.746875 0.8078125 0.06875 0.0484375
7 0.7484375 0.759375 0.0703125 0.046875
10 0.7484375 0.709375 0.06875 0.0484375
13 0.746875 0.6625 0.06875 0.046875
16 0.746875 0.6109375 0.06875 0.04375
17 0.746875 0.5625 0.0671875 0.046875
20 0.7484375 0.5140625 0.06875 0.0453125
23 0.7484375 0.465625 0.06875 0.0453125
23 0.746875 0.4171875 0.06875 0.0453125
9 0.746875 0.3515625 0.0671875 0.046875
3 0.740625 0.1578125 0.028125 0.0484375
6 0.7375 0.115625 0.0390625 0.0421875
9 0.7359375 0.0765625 0.0390625 0.0453125
33 0.490625 0.3796875 0.01875 0.0359375
2 0.4921875 0.3375 0.0203125 0.0390625
2 0.45 0.34375 0.0203125 0.0375
27 0.4703125 0.38125 0.0203125 0.0390625
27 0.4703125 0.340625 0.0203125 0.0390625
22 0.4484375 0.3828125 0.0203125 0.0375
24 0.428125 0.3859375 0.01875 0.0375
8 0.4078125 0.3890625 0.0171875 0.040625
13 0.390625 0.390625 0.01875 0.034375
11 0.365625 0.5734375 0.015625 0.0328125
19 0.365625 0.5421875 0.0234375 0.025
28 0.365625 0.5140625 0.021875 0.0265625
25 0.365625 0.4859375 0.021875 0.0265625
31 0.3671875 0.4578125 0.021875 0.0234375
0 0.365625 0.43125 0.0203125 0.0265625
14 0.3421875 0.459375 0.021875 0.0265625
5 0.3421875 0.43125 0.0234375 0.025