32 0.034375 0.2734375 0.0265625 0.0359375
4 0.309375 0.3890625 0.034375 0.0171875
9 0.3078125 0.4078125 0.0359375 0.015625
18 0.303125 0.428125 0.0359375 0.01875
31 0.3 0.4484375 0.0375 0.021875
8 0.2953125 0.46875 0.0375 0.01875
33 0.3484375 0.3875 0.0359375 0.01875
26 0.346875 0.4078125 0.0359375 0.01875
26 0.3421875 0.4265625 0.0375 0.01875
23 0.3390625 0.4484375 0.0375 0.0203125
24 0.3359375 0.46875 0.0421875 0.021875
24 0.334375 0.490625 0.0375 0.021875
33 0.3859375 0.3875 0.0359375 0.0171875
22 0.384375 0.4078125 0.0359375 0.01875
31 0.3828125 0.428125 0.0375 0.0171875
30 0.3796875 0.4484375 0.0375 0.01875
2 0.3765625 0.4703125 0.0359375 0.0203125
28 0.3765625 0.490625 0.040625 0.01875
29 0.415625 0.525 0.0296875 0.028125
31 0.4484375 0.525 0.0296875 0.028125
7 0.48125 0.525 0.0296875 0.028125
2 0.5125 0.5265625 0.028125 0.0296875
0 0.5453125 0.5234375 0.0296875 0.0296875
32 0.5765625 0.5234375 0.0296875 0.028125
0 0.4140625 0.5578125 0.0296875 0.0296875
29 0.446875 0.5578125 0.03125 0.03125
30 0.4796875 0.5578125 0.0328125 0.03125
27 0.5125 0.55625 0.0296875 0.03125
28 0.5453125 0.55625 0.03125 0.03125
17 0.5796875 0.5546875 0.03125 0.0296875
25 0.4125 0.5890625 0.0328125 0.03125
23 0.446875 0.590625 0.03125 0.03125
25 0.4796875 0.5921875 0.03125 0.03125
2 0.5125 0.590625 0.03125 0.0296875
32 0.6203125 0.4921875 0.0375 0.0203125
2 0.6625 0.490625 0.0421875 0.0203125
1 0.615625 0.4484375 0.0390625 0.0203125
22 0.6140625 0.428125 0.0375 0.01875
33 0.6125 0.4078125 0.0359375 0.01875
27 0.6109375 0.390625 0.0375 0.0171875
9 0.6484375 0.390625 0.034375 0.0203125
5 0.65 0.409375 0.0375 0.0203125
5 0.65625 0.4484375 0.0390625 0.0203125
29 0.653125 0.428125 0.0390625 0.0203125
18 0.659375 0.4703125 0.0359375 0.021875
24 0.6890625 0.4078125 0.0359375 0.01875
17 0.69375 0.428125 0.0390625 0.01875
1 0.6953125 0.4484375 0.0375 0.0203125
4 0.7 0.4703125 0.0390625 0.01875
4 0.703125 0.4921875 0.0421875 0.01875
0 0.14375 0.746875 0.0453125 0.0671875
3 0.1921875 0.746875 0.046875 0.0671875
6 0.2421875 0.746875 0.0453125 0.0671875
12 0.290625 0.746875 0.0453125 0.0671875
12 0.3390625 0.746875 0.0484375 0.06875
21 0.3890625 0.746875 0.046875 0.0703125
21 0.434375 0.746875 0.046875 0.06875
13 0.484375 0.746875 0.0453125 0.06875
16 0.534375 0.7484375 0.05 0.0671875
19 0.5828125 0.746875 0.0453125 0.0671875
5 0.6328125 0.746875 0.0453125 0.06875
8 0.6796875 0.746875 0.046875 0.0671875
11 0.7296875 0.7484375 0.0484375 0.06875
15 0.79375 0.746875 0.0484375 0.071875
20 0.4625 0.3203125 0.025 0.021875
18 0.4875 0.3203125 0.0265625 0.021875
19 0.5140625 0.31875 0.0234375 0.0203125
33 0.540625 0.3203125 0.025 0.0203125
27 0.5671875 0.3203125 0.0234375 0.021875
30 0.4234375 0.3421875 0.0265625 0.0203125
19 0.4515625 0.3421875 0.0265625 0.021875
8 0.478125 0.3421875 0.0265625 0.021875
11 0.50625 0.3421875 0.0265625 0.0203125
24 0.5328125 0.3421875 0.025 0.0203125
18 0.5640625 0.340625 0.0328125 0.0140625
27 0.43125 0.3640625 0.025 0.0203125
23 0.459375 0.365625 0.0265625 0.021875
28 0.4875 0.365625 0.028125 0.0203125
26 0.515625 0.365625 0.025 0.021875
0 0.5421875 0.365625 0.0265625 0.0203125
29 0.5703125 0.365625 0.0265625 0.0203125
31 0.6171875 0.4703125 0.0390625 0.0203125