32 0.7265625 0.034375 0.0359375 0.0265625
4 0.6109375 0.309375 0.0171875 0.034375
9 0.5921875 0.3078125 0.015625 0.0359375
18 0.571875 0.303125 0.01875 0.0359375
31 0.5515625 0.3 0.021875 0.0375
8 0.53125 0.2953125 0.01875 0.0375
33 0.6125 0.3484375 0.01875 0.0359375
26 0.5921875 0.346875 0.01875 0.0359375
26 0.5734375 0.3421875 0.01875 0.0375
23 0.5515625 0.3390625 0.0203125 0.0375
24 0.53125 0.3359375 0.021875 0.0421875
24 0.509375 0.334375 0.021875 0.0375
33 0.6125 0.3859375 0.0171875 0.0359375
22 0.5921875 0.384375 0.01875 0.0359375
31 0.571875 0.3828125 0.0171875 0.0375
30 0.5515625 0.3796875 0.01875 0.0375
2 0.5296875 0.3765625 0.0203125 0.0359375
28 0.509375 0.3765625 0.01875 0.040625
29 0.475 0.415625 0.028125 0.0296875
31 0.475 0.4484375 0.028125 0.0296875
7 0.475 0.48125 0.028125 0.0296875
2 0.4734375 0.5125 0.0296875 0.028125
0 0.4765625 0.5453125 0.0296875 0.0296875
32 0.4765625 0.5765625 0.028125 0.0296875
0 0.4421875 0.4140625 0.0296875 0.0296875
29 0.4421875 0.446875 0.03125 0.03125
30 0.4421875 0.4796875 0.03125 0.0328125
27 0.44375 0.5125 0.03125 0.0296875
28 0.44375 0.5453125 0.03125 0.03125
17 0.4453125 0.5796875 0.0296875 0.03125
25 0.4109375 0.4125 0.03125 0.0328125
23 0.409375 0.446875 0.03125 0.03125
25 0.4078125 0.4796875 0.03125 0.03125
2 0.409375 0.5125 0.0296875 0.03125
32 0.5078125 0.6203125 0.0203125 0.0375
2 0.509375 0.6625 0.0203125 0.0421875
1 0.5515625 0.615625 0.0203125 0.0390625
22 0.571875 0.6140625 0.01875 0.0375
33 0.5921875 0.6125 0.01875 0.0359375
27 0.609375 0.6109375 0.0171875 0.0375
9 0.609375 0.6484375 0.0203125 0.034375
5 0.590625 0.65 0.0203125 0.0375
5 0.5515625 0.65625 0.0203125 0.0390625
29 0.571875 0.653125 0.0203125 0.0390625
18 0.5296875 0.659375 0.021875 0.0359375
24 0.5921875 0.6890625 0.01875 0.0359375
17 0.571875 0.69375 0.01875 0.0390625
1 0.5515625 0.6953125 0.0203125 0.0375
4 0.5296875 0.7 0.01875 0.0390625
4 0.5078125 0.703125 0.01875 0.0421875
0 0.253125 0.14375 0.0671875 0.0453125
3 0.253125 0.1921875 0.0671875 0.046875
6 0.253125 0.2421875 0.0671875 0.0453125
12 0.253125 0.290625 0.0671875 0.0453125
12 0.253125 0.3390625 0.06875 0.0484375
21 0.253125 0.3890625 0.0703125 0.046875
21 0.253125 0.434375 0.06875 0.046875
13 0.253125 0.484375 0.06875 0.0453125
16 0.2515625 0.534375 0.0671875 0.05
19 0.253125 0.5828125 0.0671875 0.0453125
5 0.253125 0.6328125 0.06875 0.0453125
8 0.253125 0.6796875 0.0671875 0.046875
11 0.2515625 0.7296875 0.06875 0.0484375
15 0.253125 0.79375 0.071875 0.0484375
20 0.6796875 0.4625 0.021875 0.025
18 0.6796875 0.4875 0.021875 0.0265625
19 0.68125 0.5140625 0.0203125 0.0234375
33 0.6796875 0.540625 0.0203125 0.025
27 0.6796875 0.5671875 0.021875 0.0234375
30 0.6578125 0.4234375 0.0203125 0.0265625
19 0.6578125 0.4515625 0.021875 0.0265625
8 0.6578125 0.478125 0.021875 0.0265625
11 0.6578125 0.50625 0.0203125 0.0265625
24 0.6578125 0.5328125 0.0203125 0.025
18 0.659375 0.5640625 0.0140625 0.0328125
27 0.6359375 0.43125 0.0203125 0.025
23 0.634375 0.459375 0.021875 0.0265625
28 0.634375 0.4875 0.0203125 0.028125
26 0.634375 0.515625 0.021875 0.025
0 0.634375 0.5421875 0.0203125 0.0265625
29 0.634375 0.5703125 0.0203125 0.0265625
31 0.5296875 0.6171875 0.0203125 0.0390625