10 0.9671875 0.725 0.0328125 0.0484375
3 0.8578125 0.2546875 0.0578125 0.0828125
3 0.809375 0.2578125 0.04375 0.0828125
6 0.759375 0.25625 0.0453125 0.08125
9 0.709375 0.2546875 0.0578125 0.08125
12 0.6609375 0.2578125 0.05 0.0953125
12 0.6125 0.2578125 0.046875 0.090625
18 0.5640625 0.25625 0.046875 0.09375
18 0.5140625 0.259375 0.053125 0.0921875
1 0.465625 0.25625 0.0515625 0.0875
1 0.415625 0.2578125 0.0515625 0.078125
7 0.3671875 0.2546875 0.0421875 0.08125
14 0.3203125 0.25625 0.0515625 0.090625
20 0.26875 0.2578125 0.046875 0.090625
21 0.203125 0.2578125 0.05 0.0828125
33 0.6171875 0.6125 0.040625 0.028125
26 0.6171875 0.5953125 0.04375 0.0265625
21 0.6203125 0.5734375 0.0453125 0.01875
4 0.621875 0.553125 0.0453125 0.0171875
7 0.6234375 0.53125 0.05 0.025
6 0.625 0.50625 0.0375 0.0359375
32 0.5859375 0.471875 0.0359375 0.0421875
25 0.55 0.4703125 0.034375 0.0453125
22 0.5203125 0.4703125 0.028125 0.046875
26 0.490625 0.4703125 0.0390625 0.0484375
16 0.4546875 0.471875 0.0359375 0.05
15 0.5703125 0.634375 0.028125 0.0296875
31 0.5390625 0.634375 0.03125 0.04375
5 0.5140625 0.6328125 0.025 0.0390625
33 0.4859375 0.628125 0.0328125 0.0421875
30 0.4578125 0.6359375 0.0296875 0.04375
31 0.4296875 0.6328125 0.0296875 0.0375
5 0.43125 0.65625 0.0265625 0.0328125
27 0.725 0.74375 0.0375 0.0234375
27 0.7546875 0.7390625 0.0234375 0.03125
27 0.778125 0.7390625 0.0265625 0.028125
28 0.203125 0.740625 0.040625 0.0203125
28 0.196875 0.7265625 0.03125 0.0203125
28 0.1921875 0.7046875 0.04375 0.0265625
15 0.3859375 0.5921875 0.04375 0.0203125
0 0.384375 0.5734375 0.04375 0.021875
2 0.384375 0.5515625 0.0375 0.015625
26 0.384375 0.5328125 0.046875 0.021875
31 0.3796875 0.5046875 0.0421875 0.0296875