10 0.275 0.9671875 0.0484375 0.0328125
3 0.7453125 0.8578125 0.0828125 0.0578125
3 0.7421875 0.809375 0.0828125 0.04375
6 0.74375 0.759375 0.08125 0.0453125
9 0.7453125 0.709375 0.08125 0.0578125
12 0.7421875 0.6609375 0.0953125 0.05
12 0.7421875 0.6125 0.090625 0.046875
18 0.74375 0.5640625 0.09375 0.046875
18 0.740625 0.5140625 0.0921875 0.053125
1 0.74375 0.465625 0.0875 0.0515625
1 0.7421875 0.415625 0.078125 0.0515625
7 0.7453125 0.3671875 0.08125 0.0421875
14 0.74375 0.3203125 0.090625 0.0515625
20 0.7421875 0.26875 0.090625 0.046875
21 0.7421875 0.203125 0.0828125 0.05
33 0.3875 0.6171875 0.028125 0.040625
26 0.4046875 0.6171875 0.0265625 0.04375
21 0.4265625 0.6203125 0.01875 0.0453125
4 0.446875 0.621875 0.0171875 0.0453125
7 0.46875 0.6234375 0.025 0.05
6 0.49375 0.625 0.0359375 0.0375
32 0.528125 0.5859375 0.0421875 0.0359375
25 0.5296875 0.55 0.0453125 0.034375
22 0.5296875 0.5203125 0.046875 0.028125
26 0.5296875 0.490625 0.0484375 0.0390625
16 0.528125 0.4546875 0.05 0.0359375
15 0.365625 0.5703125 0.0296875 0.028125
31 0.365625 0.5390625 0.04375 0.03125
5 0.3671875 0.5140625 0.0390625 0.025
33 0.371875 0.4859375 0.0421875 0.0328125
30 0.3640625 0.4578125 0.04375 0.0296875
31 0.3671875 0.4296875 0.0375 0.0296875
5 0.34375 0.43125 0.0328125 0.0265625
27 0.25625 0.725 0.0234375 0.0375
27 0.2609375 0.7546875 0.03125 0.0234375
27 0.2609375 0.778125 0.028125 0.0265625
28 0.259375 0.203125 0.0203125 0.040625
28 0.2734375 0.196875 0.0203125 0.03125
28 0.2953125 0.1921875 0.0265625 0.04375
15 0.4078125 0.3859375 0.0203125 0.04375
0 0.4265625 0.384375 0.021875 0.04375
2 0.4484375 0.384375 0.015625 0.0375
26 0.4671875 0.384375 0.021875 0.046875
31 0.4953125 0.3796875 0.0296875 0.0421875