27 0.0328125 0.2734375 0.028125 0.04375
28 0.115625 0.546875 0.059375 0.028125
28 0.10625 0.5734375 0.0578125 0.034375
28 0.0890625 0.6015625 0.0453125 0.040625
32 0.084375 0.634375 0.05625 0.0359375
32 0.08125 0.6671875 0.059375 0.0265625
32 0.0625 0.70625 0.0390625 0.0453125
32 0.5421875 0.340625 0.021875 0.0265625
23 0.35 0.3875 0.034375 0.028125
23 0.5765625 0.5265625 0.0421875 0.0390625
33 0.346875 0.40625 0.04375 0.01875
33 0.5671875 0.340625 0.028125 0.021875
21 0.3375 0.4265625 0.0453125 0.0265625
21 0.484375 0.36875 0.025 0.0328125
21 0.5125 0.371875 0.0265625 0.034375
21 0.615625 0.4109375 0.059375 0.0171875
30 0.3453125 0.4515625 0.0359375 0.021875
30 0.56875 0.371875 0.025 0.028125
4 0.3875 0.3875 0.0328125 0.0265625
26 0.3859375 0.4078125 0.04375 0.0265625
2 0.3796875 0.421875 0.0421875 0.025
2 0.38125 0.4453125 0.0484375 0.021875
2 0.6640625 0.49375 0.0453125 0.0234375
31 0.378125 0.4671875 0.034375 0.021875
31 0.4171875 0.525 0.0328125 0.0328125
31 0.6203125 0.4921875 0.0390625 0.0265625
3 0.3765625 0.49375 0.0359375 0.01875
18 0.415625 0.5578125 0.0328125 0.0375
1 0.446875 0.528125 0.028125 0.0375
1 0.5125 0.528125 0.0296875 0.0375
29 0.4796875 0.5234375 0.0296875 0.034375
29 0.61875 0.4484375 0.034375 0.0203125
29 0.5421875 0.36875 0.0328125 0.0328125
7 0.5421875 0.5234375 0.034375 0.0359375
20 0.43125 0.365625 0.0375 0.0421875
23 0.459375 0.365625 0.0328125 0.0375
22 0.6140625 0.4265625 0.046875 0.0203125
22 0.534375 0.746875 0.0359375 0.0765625
15 0.659375 0.4671875 0.0421875 0.0265625
0 0.6140625 0.471875 0.059375 0.0265625
15 0.796875 0.253125 0.0484375 0.0234375
12 0.8046875 0.271875 0.0359375 0.0171875
12 0.7984375 0.7421875 0.05625 0.0765625
12 0.390625 0.7453125 0.0421875 0.071875
24 0.4390625 0.7421875 0.0421875 0.075
12 0.3359375 0.7453125 0.0515625 0.0734375
9 0.290625 0.746875 0.046875 0.075
9 0.8125 0.29375 0.0328125 0.0328125
9 0.2421875 0.7421875 0.04375 0.08125
6 0.1953125 0.74375 0.04375 0.0703125
6 0.140625 0.74375 0.0515625 0.08125
16 0.484375 0.7484375 0.0453125 0.0796875
8 0.584375 0.74375 0.05 0.078125
14 0.63125 0.74375 0.0546875 0.08125
17 0.68125 0.74375 0.0484375 0.078125
17 0.73125 0.7453125 0.0546875 0.0828125
6 0.609375 0.3890625 0.04375 0.025