14 0.03125 0.275 0.0296875 0.04375
4 0.0625 0.2734375 0.0296875 0.046875
20 0.075 0.671875 0.06875 0.0328125
20 0.0859375 0.64375 0.059375 0.0296875
12 0.14375 0.7421875 0.0484375 0.0765625
12 0.1953125 0.7453125 0.040625 0.071875
12 0.2421875 0.7453125 0.046875 0.071875
8 0.2921875 0.7484375 0.05 0.0765625
8 0.340625 0.74375 0.0484375 0.0828125
11 0.3890625 0.7453125 0.04375 0.0765625
17 0.4359375 0.75 0.0546875 0.078125
29 0.5015625 0.74375 0.0515625 0.0703125
9 0.7109375 0.740625 0.040625 0.05
9 0.7484375 0.7359375 0.0390625 0.053125
9 0.790625 0.74375 0.05625 0.04375
4 0.840625 0.7421875 0.046875 0.0484375
7 0.884375 0.7375 0.0421875 0.059375
10 0.9234375 0.740625 0.0484375 0.0578125
33 0.4171875 0.5234375 0.0328125 0.0390625
29 0.4484375 0.525 0.028125 0.03125
25 0.4796875 0.5234375 0.028125 0.0328125
25 0.5140625 0.525 0.0359375 0.0359375
30 0.5453125 0.525 0.0328125 0.0328125
10 0.3109375 0.3859375 0.034375 0.028125
15 0.309375 0.409375 0.0390625 0.0203125
15 0.378125 0.4671875 0.034375 0.021875
15 0.4453125 0.59375 0.0265625 0.0421875
26 0.3015625 0.4265625 0.040625 0.0265625
26 0.375 0.4921875 0.040625 0.0296875
26 0.5390625 0.31875 0.0296875 0.028125
26 0.6125 0.425 0.0390625 0.0203125
22 0.2984375 0.4453125 0.034375 0.028125
22 0.34375 0.3875 0.040625 0.0203125
22 0.69375 0.428125 0.0390625 0.0203125
2 0.346875 0.40625 0.0375 0.025
2 0.653125 0.4078125 0.034375 0.021875
2 0.578125 0.5578125 0.0296875 0.0359375
5 0.3390625 0.4296875 0.0421875 0.0265625
5 0.4140625 0.5953125 0.0328125 0.0421875
5 0.6625 0.49375 0.0421875 0.025
2 0.6171875 0.4484375 0.040625 0.0171875
33 0.3375 0.4484375 0.040625 0.021875
33 0.6984375 0.446875 0.034375 0.0234375
0 0.3390625 0.4703125 0.0390625 0.0234375
0 0.3328125 0.490625 0.0453125 0.0296875
0 0.56875 0.36875 0.0265625 0.034375
0 0.5421875 0.3421875 0.0203125 0.028125
1 0.3875 0.3875 0.0359375 0.025
1 0.48125 0.55625 0.0296875 0.0328125
29 0.384375 0.4078125 0.0359375 0.01875
29 0.3828125 0.425 0.040625 0.0265625
32 0.38125 0.4484375 0.040625 0.025
32 0.5109375 0.31875 0.0265625 0.028125
32 0.6546875 0.4484375 0.0359375 0.01875
26 0.378125 0.49375 0.04375 0.034375
19 0.5765625 0.5203125 0.040625 0.0375
28 0.4140625 0.55625 0.0375 0.034375
28 0.509375 0.5546875 0.0375 0.0328125
30 0.4453125 0.5578125 0.0328125 0.028125
30 0.565625 0.3390625 0.0234375 0.021875
30 0.4875 0.3671875 0.034375 0.028125
23 0.5453125 0.5546875 0.03125 0.0359375
23 0.5484375 0.5921875 0.0328125 0.0421875
23 0.459375 0.3671875 0.0265625 0.0328125
6 0.4796875 0.59375 0.0296875 0.0453125
6 0.69375 0.40625 0.0375 0.0234375
6 0.6640625 0.46875 0.0484375 0.025
25 0.5109375 0.59375 0.03125 0.0375
6 0.459375 0.3171875 0.03125 0.0296875
28 0.4859375 0.3171875 0.0390625 0.034375
4 0.5734375 0.3171875 0.0328125 0.03125
4 0.653125 0.4296875 0.0359375 0.021875
28 0.4359375 0.34375 0.0359375 0.0296875
24 0.459375 0.3421875 0.0296875 0.0328125
24 0.65 0.3875 0.0265625 0.034375
27 0.4890625 0.34375 0.0265625 0.028125
17 0.5140625 0.340625 0.040625 0.0296875
31 0.5171875 0.3703125 0.0296875 0.0421875
31 0.6203125 0.4703125 0.0453125 0.021875
31 0.61875 0.4953125 0.0375 0.028125
31 0.70625 0.496875 0.0390625 0.0265625
27 0.4296875 0.3703125 0.021875 0.0296875
27 0.540625 0.3671875 0.0234375 0.03125
27 0.6125 0.384375 0.0359375 0.028125
4 0.6515625 0.425 0.0390625 0.0265625
10 0.6984375 0.46875 0.0453125 0.025
33 0.6125 0.4078125 0.0421875 0.025