14 0.275 0.96875 0.04375 0.0296875
4 0.2734375 0.9375 0.046875 0.0296875
20 0.671875 0.925 0.0328125 0.06875
20 0.64375 0.9140625 0.0296875 0.059375
12 0.7421875 0.85625 0.0765625 0.0484375
12 0.7453125 0.8046875 0.071875 0.040625
12 0.7453125 0.7578125 0.071875 0.046875
8 0.7484375 0.7078125 0.0765625 0.05
8 0.74375 0.659375 0.0828125 0.0484375
11 0.7453125 0.6109375 0.0765625 0.04375
17 0.75 0.5640625 0.078125 0.0546875
29 0.74375 0.4984375 0.0703125 0.0515625
9 0.740625 0.2890625 0.05 0.040625
9 0.7359375 0.2515625 0.053125 0.0390625
9 0.74375 0.209375 0.04375 0.05625
4 0.7421875 0.159375 0.0484375 0.046875
7 0.7375 0.115625 0.059375 0.0421875
10 0.740625 0.0765625 0.0578125 0.0484375
33 0.5234375 0.5828125 0.0390625 0.0328125
29 0.525 0.5515625 0.03125 0.028125
25 0.5234375 0.5203125 0.0328125 0.028125
25 0.525 0.4859375 0.0359375 0.0359375
30 0.525 0.4546875 0.0328125 0.0328125
10 0.3859375 0.6890625 0.028125 0.034375
15 0.409375 0.690625 0.0203125 0.0390625
15 0.4671875 0.621875 0.021875 0.034375
15 0.59375 0.5546875 0.0421875 0.0265625
26 0.4265625 0.6984375 0.0265625 0.040625
26 0.4921875 0.625 0.0296875 0.040625
26 0.31875 0.4609375 0.028125 0.0296875
26 0.425 0.3875 0.0203125 0.0390625
22 0.4453125 0.7015625 0.028125 0.034375
22 0.3875 0.65625 0.0203125 0.040625
22 0.428125 0.30625 0.0203125 0.0390625
2 0.40625 0.653125 0.025 0.0375
2 0.4078125 0.346875 0.021875 0.034375
2 0.5578125 0.421875 0.0359375 0.0296875
5 0.4296875 0.6609375 0.0265625 0.0421875
5 0.5953125 0.5859375 0.0421875 0.0328125
5 0.49375 0.3375 0.025 0.0421875
2 0.4484375 0.3828125 0.0171875 0.040625
33 0.4484375 0.6625 0.021875 0.040625
33 0.446875 0.3015625 0.0234375 0.034375
0 0.4703125 0.6609375 0.0234375 0.0390625
0 0.490625 0.6671875 0.0296875 0.0453125
0 0.36875 0.43125 0.034375 0.0265625
0 0.3421875 0.4578125 0.028125 0.0203125
1 0.3875 0.6125 0.025 0.0359375
1 0.55625 0.51875 0.0328125 0.0296875
29 0.4078125 0.615625 0.01875 0.0359375
29 0.425 0.6171875 0.0265625 0.040625
32 0.4484375 0.61875 0.025 0.040625
32 0.31875 0.4890625 0.028125 0.0265625
32 0.4484375 0.3453125 0.01875 0.0359375
26 0.49375 0.621875 0.034375 0.04375
19 0.5203125 0.4234375 0.0375 0.040625
28 0.55625 0.5859375 0.034375 0.0375
28 0.5546875 0.490625 0.0328125 0.0375
30 0.5578125 0.5546875 0.028125 0.0328125
30 0.3390625 0.434375 0.021875 0.0234375
30 0.3671875 0.5125 0.028125 0.034375
23 0.5546875 0.4546875 0.0359375 0.03125
23 0.5921875 0.4515625 0.0421875 0.0328125
23 0.3671875 0.540625 0.0328125 0.0265625
6 0.59375 0.5203125 0.0453125 0.0296875
6 0.40625 0.30625 0.0234375 0.0375
6 0.46875 0.3359375 0.025 0.0484375
25 0.59375 0.4890625 0.0375 0.03125
6 0.3171875 0.540625 0.0296875 0.03125
28 0.3171875 0.5140625 0.034375 0.0390625
4 0.3171875 0.4265625 0.03125 0.0328125
4 0.4296875 0.346875 0.021875 0.0359375
28 0.34375 0.5640625 0.0296875 0.0359375
24 0.3421875 0.540625 0.0328125 0.0296875
24 0.3875 0.35 0.034375 0.0265625
27 0.34375 0.5109375 0.028125 0.0265625
17 0.340625 0.4859375 0.0296875 0.040625
31 0.3703125 0.4828125 0.0421875 0.0296875
31 0.4703125 0.3796875 0.021875 0.0453125
31 0.4953125 0.38125 0.028125 0.0375
31 0.496875 0.29375 0.0265625 0.0390625
27 0.3703125 0.5703125 0.0296875 0.021875
27 0.3671875 0.459375 0.03125 0.0234375
27 0.384375 0.3875 0.028125 0.0359375
4 0.425 0.3484375 0.0265625 0.0390625
10 0.46875 0.3015625 0.025 0.0453125
33 0.4078125 0.3875 0.025 0.0421875