14 0.7265625 0.0328125 0.0390625 0.0296875
4 0.728125 0.0609375 0.0390625 0.034375
20 0.728125 0.8015625 0.021875 0.0484375
20 0.7109375 0.8078125 0.015625 0.0515625
10 0.7421875 0.2171875 0.025 0.028125
7 0.7421875 0.24375 0.0359375 0.0296875
4 0.746875 0.2734375 0.0296875 0.0359375
9 0.74375 0.3078125 0.021875 0.028125
9 0.740625 0.334375 0.034375 0.028125
9 0.7421875 0.359375 0.0296875 0.0234375
31 0.6140625 0.30625 0.021875 0.0375
31 0.6125 0.3875 0.025 0.0359375
31 0.590625 0.3859375 0.01875 0.034375
5 0.6125 0.35 0.025 0.040625
10 0.59375 0.3046875 0.015625 0.0375
6 0.590625 0.34375 0.0234375 0.0484375
33 0.571875 0.303125 0.021875 0.0375
33 0.5296875 0.378125 0.0203125 0.0484375
33 0.63125 0.571875 0.03125 0.025
33 0.571875 0.6546875 0.0203125 0.0359375
32 0.571875 0.34375 0.015625 0.0359375
2 0.5734375 0.3828125 0.0140625 0.0328125
2 0.53125 0.3359375 0.021875 0.040625
2 0.659375 0.43125 0.0234375 0.0265625
2 0.528125 0.6578125 0.0234375 0.0375
22 0.553125 0.2984375 0.0203125 0.04375
22 0.25625 0.5359375 0.0703125 0.04375
4 0.5515625 0.3390625 0.0203125 0.0375
4 0.4078125 0.4140625 0.0390625 0.0328125
26 0.5515625 0.38125 0.01875 0.0390625
26 0.4046875 0.446875 0.040625 0.0328125
26 0.615625 0.6109375 0.021875 0.040625
26 0.55 0.6984375 0.025 0.0421875
6 0.528125 0.2921875 0.025 0.040625
6 0.68125 0.5125 0.025 0.025
24 0.5015625 0.334375 0.034375 0.034375
24 0.4421875 0.55 0.0359375 0.034375
27 0.503125 0.3796875 0.03125 0.0484375
27 0.4765625 0.4515625 0.034375 0.034375
27 0.475 0.58125 0.0328125 0.0453125
23 0.684375 0.4578125 0.025 0.0265625
23 0.6609375 0.4609375 0.0296875 0.0296875
25 0.68125 0.4875 0.0203125 0.021875
25 0.63125 0.4875 0.0265625 0.0265625
25 0.6296875 0.515625 0.03125 0.034375
25 0.2546875 0.5859375 0.0796875 0.0484375
28 0.6578125 0.4859375 0.028125 0.0328125
1 0.6609375 0.5125 0.0265625 0.025
1 0.5046875 0.6203125 0.0296875 0.0359375
1 0.2546875 0.3390625 0.078125 0.053125
30 0.659375 0.5390625 0.0234375 0.0203125
30 0.4734375 0.5140625 0.040625 0.0328125
15 0.6828125 0.5421875 0.028125 0.01875
15 0.53125 0.7 0.01875 0.0421875
5 0.6828125 0.56875 0.0234375 0.0296875
5 0.55 0.6546875 0.021875 0.0421875
5 0.253125 0.6328125 0.08125 0.0375
28 0.6578125 0.5703125 0.0265625 0.03125
28 0.440625 0.578125 0.034375 0.0359375
28 0.40625 0.5140625 0.046875 0.0359375
29 0.63125 0.5453125 0.034375 0.03125
29 0.5515625 0.61875 0.0234375 0.03125
29 0.53125 0.61875 0.01875 0.0359375
30 0.63125 0.459375 0.034375 0.021875
19 0.63125 0.43125 0.0375 0.0375
19 0.25 0.4859375 0.071875 0.040625
0 0.6109375 0.646875 0.0203125 0.0328125
0 0.5921875 0.65 0.0203125 0.0359375
0 0.4765625 0.4203125 0.0328125 0.034375
0 0.440625 0.4484375 0.0359375 0.03125
15 0.5921875 0.609375 0.0171875 0.0421875
32 0.5734375 0.6109375 0.021875 0.0375
22 0.503125 0.665625 0.0390625 0.046875
22 0.2578125 0.53125 0.08125 0.05
22 0.575 0.69375 0.025 0.04375
10 0.50625 0.703125 0.03125 0.040625
13 0.253125 0.3859375 0.0828125 0.046875
16 0.253125 0.434375 0.078125 0.0453125
18 0.2546875 0.2921875 0.078125 0.0453125
18 0.25625 0.24375 0.078125 0.0453125
18 0.2515625 0.1921875 0.075 0.0484375
9 0.25625 0.140625 0.08125 0.05