14 0.9671875 0.7265625 0.0296875 0.0390625
4 0.9390625 0.728125 0.034375 0.0390625
20 0.1984375 0.728125 0.0484375 0.021875
20 0.1921875 0.7109375 0.0515625 0.015625
10 0.7828125 0.7421875 0.028125 0.025
7 0.75625 0.7421875 0.0296875 0.0359375
4 0.7265625 0.746875 0.0359375 0.0296875
9 0.6921875 0.74375 0.028125 0.021875
9 0.665625 0.740625 0.028125 0.034375
9 0.640625 0.7421875 0.0234375 0.0296875
31 0.69375 0.6140625 0.0375 0.021875
31 0.6125 0.6125 0.0359375 0.025
31 0.6140625 0.590625 0.034375 0.01875
5 0.65 0.6125 0.040625 0.025
10 0.6953125 0.59375 0.0375 0.015625
6 0.65625 0.590625 0.0484375 0.0234375
33 0.696875 0.571875 0.0375 0.021875
33 0.621875 0.5296875 0.0484375 0.0203125
33 0.428125 0.63125 0.025 0.03125
33 0.3453125 0.571875 0.0359375 0.0203125
32 0.65625 0.571875 0.0359375 0.015625
2 0.6171875 0.5734375 0.0328125 0.0140625
2 0.6640625 0.53125 0.040625 0.021875
2 0.56875 0.659375 0.0265625 0.0234375
2 0.3421875 0.528125 0.0375 0.0234375
22 0.7015625 0.553125 0.04375 0.0203125
22 0.4640625 0.25625 0.04375 0.0703125
4 0.6609375 0.5515625 0.0375 0.0203125
4 0.5859375 0.4078125 0.0328125 0.0390625
26 0.61875 0.5515625 0.0390625 0.01875
26 0.553125 0.4046875 0.0328125 0.040625
26 0.3890625 0.615625 0.040625 0.021875
26 0.3015625 0.55 0.0421875 0.025
6 0.7078125 0.528125 0.040625 0.025
6 0.4875 0.68125 0.025 0.025
24 0.665625 0.5015625 0.034375 0.034375
24 0.45 0.4421875 0.034375 0.0359375
27 0.6203125 0.503125 0.0484375 0.03125
27 0.5484375 0.4765625 0.034375 0.034375
27 0.41875 0.475 0.0453125 0.0328125
23 0.5421875 0.684375 0.0265625 0.025
23 0.5390625 0.6609375 0.0296875 0.0296875
25 0.5125 0.68125 0.021875 0.0203125
25 0.5125 0.63125 0.0265625 0.0265625
25 0.484375 0.6296875 0.034375 0.03125
25 0.4140625 0.2546875 0.0484375 0.0796875
28 0.5140625 0.6578125 0.0328125 0.028125
1 0.4875 0.6609375 0.025 0.0265625
1 0.3796875 0.5046875 0.0359375 0.0296875
1 0.6609375 0.2546875 0.053125 0.078125
30 0.4609375 0.659375 0.0203125 0.0234375
30 0.4859375 0.4734375 0.0328125 0.040625
15 0.4578125 0.6828125 0.01875 0.028125
15 0.3 0.53125 0.0421875 0.01875
5 0.43125 0.6828125 0.0296875 0.0234375
5 0.3453125 0.55 0.0421875 0.021875
5 0.3671875 0.253125 0.0375 0.08125
28 0.4296875 0.6578125 0.03125 0.0265625
28 0.421875 0.440625 0.0359375 0.034375
28 0.4859375 0.40625 0.0359375 0.046875
29 0.4546875 0.63125 0.03125 0.034375
29 0.38125 0.5515625 0.03125 0.0234375
29 0.38125 0.53125 0.0359375 0.01875
30 0.540625 0.63125 0.021875 0.034375
19 0.56875 0.63125 0.0375 0.0375
19 0.5140625 0.25 0.040625 0.071875
0 0.353125 0.6109375 0.0328125 0.0203125
0 0.35 0.5921875 0.0359375 0.0203125
0 0.5796875 0.4765625 0.034375 0.0328125
0 0.5515625 0.440625 0.03125 0.0359375
15 0.390625 0.5921875 0.0421875 0.0171875
32 0.3890625 0.5734375 0.0375 0.021875
22 0.334375 0.503125 0.046875 0.0390625
22 0.46875 0.2578125 0.05 0.08125
22 0.30625 0.575 0.04375 0.025
10 0.296875 0.50625 0.040625 0.03125
13 0.6140625 0.253125 0.046875 0.0828125
16 0.565625 0.253125 0.0453125 0.078125
18 0.7078125 0.2546875 0.0453125 0.078125
18 0.75625 0.25625 0.0453125 0.078125
18 0.8078125 0.2515625 0.0484375 0.075
9 0.859375 0.25625 0.05 0.08125