13 0.7375 0.1640625 0.04375 0.0375
27 0.2734375 0.9671875 0.040625 0.0296875
9 0.271875 0.9375 0.0421875 0.0265625
19 0.271875 0.9078125 0.0421875 0.025
12 0.5234375 0.878125 0.025 0.04375
12 0.5515625 0.89375 0.034375 0.0375
12 0.6078125 0.9046875 0.025 0.0484375
12 0.58125 0.8953125 0.0234375 0.046875
8 0.6390625 0.9203125 0.040625 0.0421875
11 0.671875 0.925 0.03125 0.05625
14 0.7015625 0.934375 0.028125 0.0546875
19 0.7484375 0.85625 0.071875 0.0484375
25 0.7484375 0.80625 0.0703125 0.0484375
32 0.746875 0.7578125 0.06875 0.046875
32 0.746875 0.7078125 0.071875 0.046875
16 0.746875 0.6453125 0.0703125 0.0453125
22 0.74375 0.4015625 0.0359375 0.0484375
22 0.740625 0.3578125 0.05 0.0390625
22 0.740625 0.3234375 0.05 0.0359375
10 0.740625 0.2859375 0.0484375 0.0375
10 0.74375 0.24375 0.034375 0.046875
10 0.7375 0.2015625 0.0390625 0.0375
13 0.7421875 0.1203125 0.0359375 0.0515625
13 0.7375 0.078125 0.0421875 0.04375
4 0.3875 0.65 0.021875 0.0390625
21 0.4078125 0.653125 0.0203125 0.0421875
26 0.428125 0.65625 0.021875 0.040625
10 0.4484375 0.6609375 0.0203125 0.040625
25 0.4703125 0.6640625 0.025 0.0375
33 0.490625 0.665625 0.0203125 0.040625
28 0.3890625 0.6125 0.0203125 0.0328125
30 0.409375 0.6125 0.0203125 0.0375
27 0.428125 0.6171875 0.0171875 0.0375
23 0.4484375 0.6203125 0.0203125 0.040625
2 0.4703125 0.621875 0.0203125 0.0421875
2 0.49375 0.625 0.0203125 0.0375
28 0.525 0.58125 0.034375 0.0296875
28 0.5921875 0.553125 0.03125 0.03125
27 0.525 0.55 0.03125 0.028125
31 0.525 0.5171875 0.03125 0.0296875
6 0.525 0.4859375 0.0296875 0.028125
5 0.525 0.453125 0.0359375 0.0296875
14 0.525 0.421875 0.03125 0.0296875
26 0.5578125 0.5859375 0.034375 0.0265625
3 0.5578125 0.55 0.0328125 0.0296875
17 0.55625 0.51875 0.034375 0.03125
13 0.5578125 0.4859375 0.034375 0.0265625
33 0.5578125 0.4515625 0.0296875 0.0296875
1 0.559375 0.4203125 0.028125 0.03125
18 0.5921875 0.5875 0.03125 0.03125
30 0.490625 0.378125 0.0203125 0.040625
30 0.4921875 0.296875 0.0203125 0.0421875
24 0.4921875 0.3375 0.0171875 0.034375
31 0.46875 0.38125 0.01875 0.0390625
16 0.46875 0.3390625 0.01875 0.0390625
26 0.4703125 0.3 0.0234375 0.0390625
27 0.45 0.3828125 0.0203125 0.0359375
11 0.45 0.34375 0.01875 0.040625
28 0.4296875 0.384375 0.01875 0.040625
28 0.409375 0.3875 0.01875 0.040625
0 0.3890625 0.3890625 0.01875 0.0375
21 0.3890625 0.3515625 0.0171875 0.0359375
21 0.4078125 0.3484375 0.0171875 0.0375
17 0.428125 0.34375 0.0203125 0.0390625
2 0.340625 0.5640625 0.025 0.0296875
0 0.340625 0.5390625 0.03125 0.0296875
33 0.3375 0.5125 0.028125 0.03125
20 0.3390625 0.484375 0.0375 0.0296875
4 0.340625 0.4578125 0.0265625 0.0265625
30 0.3390625 0.4296875 0.028125 0.028125
33 0.3671875 0.5703125 0.0296875 0.0265625
20 0.36875 0.5421875 0.0359375 0.0328125
14 0.3640625 0.5171875 0.0328125 0.025
18 0.3671875 0.4859375 0.0296875 0.0265625
31 0.365625 0.45625 0.025 0.025
29 0.3671875 0.428125 0.034375 0.0296875
9 0.25625 0.2 0.0171875 0.0328125
9 0.275 0.19375 0.0171875 0.025
9 0.29375 0.190625 0.015625 0.040625
7 0.3234375 0.18125 0.0171875 0.040625
7 0.340625 0.1765625 0.0171875 0.0359375