3 0.215625 0.0953125 0.2390625 0.1609375
2 0.496875 0.0859375 0.2421875 0.115625
27 0.484375 0.221875 0.253125 0.134375
5 0.4625 0.3609375 0.2609375 0.1359375
29 0.453125 0.5078125 0.278125 0.1375
5 0.425 0.6640625 0.271875 0.146875
24 0.703125 0.828125 0.2671875 0.1734375
22 0.721875 0.6515625 0.2671875 0.134375
8 0.7390625 0.50625 0.2640625 0.134375
32 0.771875 0.08125 0.2515625 0.115625
23 0.76875 0.2171875 0.253125 0.128125
29 0.753125 0.3578125 0.2484375 0.1328125
3 0.4109375 0.8546875 0.2828125 0.2265625