3 0.9046875 0.215625 0.1609375 0.2390625
2 0.9140625 0.496875 0.115625 0.2421875
27 0.778125 0.484375 0.134375 0.253125
5 0.6390625 0.4625 0.1359375 0.2609375
29 0.4921875 0.453125 0.1375 0.278125
5 0.3359375 0.425 0.146875 0.271875
24 0.171875 0.703125 0.1734375 0.2671875
22 0.3484375 0.721875 0.134375 0.2671875
8 0.49375 0.7390625 0.134375 0.2640625
32 0.91875 0.771875 0.115625 0.2515625
23 0.7828125 0.76875 0.128125 0.253125
29 0.6421875 0.753125 0.1328125 0.2484375
3 0.1453125 0.4109375 0.2265625 0.2828125