13 0.8359375 0.7375 0.0375 0.04375
27 0.0328125 0.2734375 0.0296875 0.040625
9 0.0625 0.271875 0.0265625 0.0421875
19 0.0921875 0.271875 0.025 0.0421875
12 0.121875 0.5234375 0.04375 0.025
12 0.10625 0.5515625 0.0375 0.034375
12 0.0953125 0.6078125 0.0484375 0.025
12 0.1046875 0.58125 0.046875 0.0234375
8 0.0796875 0.6390625 0.0421875 0.040625
11 0.075 0.671875 0.05625 0.03125
14 0.065625 0.7015625 0.0546875 0.028125
19 0.14375 0.7484375 0.0484375 0.071875
25 0.19375 0.7484375 0.0484375 0.0703125
32 0.2421875 0.746875 0.046875 0.06875
32 0.2921875 0.746875 0.046875 0.071875
16 0.3546875 0.746875 0.0453125 0.0703125
22 0.5984375 0.74375 0.0484375 0.0359375
22 0.6421875 0.740625 0.0390625 0.05
22 0.6765625 0.740625 0.0359375 0.05
10 0.7140625 0.740625 0.0375 0.0484375
10 0.75625 0.74375 0.046875 0.034375
10 0.7984375 0.7375 0.0375 0.0390625
13 0.8796875 0.7421875 0.0515625 0.0359375
13 0.921875 0.7375 0.04375 0.0421875
4 0.35 0.3875 0.0390625 0.021875
21 0.346875 0.4078125 0.0421875 0.0203125
26 0.34375 0.428125 0.040625 0.021875
10 0.3390625 0.4484375 0.040625 0.0203125
25 0.3359375 0.4703125 0.0375 0.025
33 0.334375 0.490625 0.040625 0.0203125
28 0.3875 0.3890625 0.0328125 0.0203125
30 0.3875 0.409375 0.0375 0.0203125
27 0.3828125 0.428125 0.0375 0.0171875
23 0.3796875 0.4484375 0.040625 0.0203125
2 0.378125 0.4703125 0.0421875 0.0203125
2 0.375 0.49375 0.0375 0.0203125
28 0.41875 0.525 0.0296875 0.034375
28 0.446875 0.5921875 0.03125 0.03125
27 0.45 0.525 0.028125 0.03125
31 0.4828125 0.525 0.0296875 0.03125
6 0.5140625 0.525 0.028125 0.0296875
5 0.546875 0.525 0.0296875 0.0359375
14 0.578125 0.525 0.0296875 0.03125
26 0.4140625 0.5578125 0.0265625 0.034375
3 0.45 0.5578125 0.0296875 0.0328125
17 0.48125 0.55625 0.03125 0.034375
13 0.5140625 0.5578125 0.0265625 0.034375
33 0.5484375 0.5578125 0.0296875 0.0296875
1 0.5796875 0.559375 0.03125 0.028125
18 0.4125 0.5921875 0.03125 0.03125
30 0.621875 0.490625 0.040625 0.0203125
30 0.703125 0.4921875 0.0421875 0.0203125
24 0.6625 0.4921875 0.034375 0.0171875
31 0.61875 0.46875 0.0390625 0.01875
16 0.6609375 0.46875 0.0390625 0.01875
26 0.7 0.4703125 0.0390625 0.0234375
27 0.6171875 0.45 0.0359375 0.0203125
11 0.65625 0.45 0.040625 0.01875
28 0.615625 0.4296875 0.040625 0.01875
28 0.6125 0.409375 0.040625 0.01875
0 0.6109375 0.3890625 0.0375 0.01875
21 0.6484375 0.3890625 0.0359375 0.0171875
21 0.6515625 0.4078125 0.0375 0.0171875
17 0.65625 0.428125 0.0390625 0.0203125
2 0.4359375 0.340625 0.0296875 0.025
0 0.4609375 0.340625 0.0296875 0.03125
33 0.4875 0.3375 0.03125 0.028125
20 0.515625 0.3390625 0.0296875 0.0375
4 0.5421875 0.340625 0.0265625 0.0265625
30 0.5703125 0.3390625 0.028125 0.028125
33 0.4296875 0.3671875 0.0265625 0.0296875
20 0.4578125 0.36875 0.0328125 0.0359375
14 0.4828125 0.3640625 0.025 0.0328125
18 0.5140625 0.3671875 0.0265625 0.0296875
31 0.54375 0.365625 0.025 0.025
29 0.571875 0.3671875 0.0296875 0.034375
9 0.8 0.25625 0.0328125 0.0171875
9 0.80625 0.275 0.025 0.0171875
9 0.809375 0.29375 0.040625 0.015625
7 0.81875 0.3234375 0.040625 0.0171875
7 0.8234375 0.340625 0.0359375 0.0171875