3 0.503125 0.9453125 0.109375 0.065625
9 0.5015625 0.878125 0.1046875 0.0671875
12 0.5046875 0.8109375 0.1078125 0.065625
21 0.503125 0.746875 0.103125 0.0625
1 0.5046875 0.6796875 0.1078125 0.0640625
4 0.5046875 0.6125 0.109375 0.065625
10 0.5015625 0.546875 0.1046875 0.0640625
5 0.503125 0.478125 0.1078125 0.0640625
8 0.503125 0.4125 0.10625 0.0625
33 0.5015625 0.346875 0.103125 0.0640625
30 0.5046875 0.278125 0.109375 0.0671875
32 0.503125 0.2125 0.10625 0.0671875
31 0.503125 0.1453125 0.1078125 0.0671875
5 0.503125 0.0578125 0.1078125 0.065625