0 0.040625 0.50625 0.059375 0.090625
3 0.1046875 0.5046875 0.0546875 0.0953125
21 0.1703125 0.5046875 0.059375 0.09375
24 0.2359375 0.5046875 0.0609375 0.09375
10 0.2984375 0.50625 0.05625 0.0890625
13 0.3625 0.5046875 0.059375 0.0859375
19 0.425 0.5078125 0.0578125 0.0859375
25 0.490625 0.5046875 0.0609375 0.0890625
8 0.553125 0.5046875 0.059375 0.0921875
8 0.6171875 0.5046875 0.0625 0.090625
17 0.68125 0.5046875 0.053125 0.09375
32 0.746875 0.503125 0.0578125 0.0953125
27 0.809375 0.5046875 0.053125 0.090625
22 0.89375 0.50625 0.05 0.0859375