0 0.953125 0.4984375 0.065625 0.10625
3 0.8859375 0.4984375 0.0640625 0.10625
3 0.81875 0.4984375 0.0671875 0.1046875
12 0.753125 0.496875 0.0625 0.103125
16 0.6859375 0.496875 0.06875 0.1046875
19 0.61875 0.4984375 0.0640625 0.103125
19 0.553125 0.4984375 0.065625 0.103125
22 0.4875 0.4984375 0.0640625 0.103125
26 0.4203125 0.496875 0.065625 0.10625
11 0.3515625 0.4953125 0.0640625 0.1046875
32 0.2875 0.4984375 0.0671875 0.10625
31 0.2203125 0.496875 0.0640625 0.1046875
28 0.153125 0.4984375 0.065625 0.1046875
23 0.0671875 0.4984375 0.0609375 0.1015625