9 0.0453125 0.5 0.0671875 0.10625
18 0.1125 0.5 0.065625 0.1046875
1 0.1796875 0.5 0.0640625 0.10625
19 0.246875 0.5015625 0.065625 0.109375
19 0.315625 0.5 0.0671875 0.1109375
5 0.3828125 0.5 0.0640625 0.1078125
5 0.45 0.5015625 0.0640625 0.109375
11 0.5171875 0.503125 0.065625 0.1078125
17 0.584375 0.5015625 0.065625 0.109375
17 0.65 0.5 0.065625 0.10625
31 0.7171875 0.5 0.0640625 0.1046875
28 0.7859375 0.5 0.06875 0.1078125
29 0.853125 0.5015625 0.0671875 0.1109375
26 0.940625 0.4984375 0.0640625 0.10625