3 0.0546875 0.503125 0.065625 0.109375
9 0.121875 0.5015625 0.0671875 0.1046875
12 0.1890625 0.5046875 0.065625 0.1078125
21 0.253125 0.503125 0.0625 0.103125
1 0.3203125 0.5046875 0.0640625 0.1078125
4 0.3875 0.5046875 0.065625 0.109375
10 0.453125 0.5015625 0.0640625 0.1046875
5 0.521875 0.503125 0.0640625 0.1078125
8 0.5875 0.503125 0.0625 0.10625
33 0.653125 0.5015625 0.0640625 0.103125
30 0.721875 0.5046875 0.0671875 0.109375
32 0.7875 0.503125 0.0671875 0.10625
31 0.8546875 0.503125 0.0671875 0.1078125
5 0.9421875 0.503125 0.065625 0.1078125