0 0.50625 0.959375 0.090625 0.059375
3 0.5046875 0.8953125 0.0953125 0.0546875
21 0.5046875 0.8296875 0.09375 0.059375
24 0.5046875 0.7640625 0.09375 0.0609375
10 0.50625 0.7015625 0.0890625 0.05625
13 0.5046875 0.6375 0.0859375 0.059375
19 0.5078125 0.575 0.0859375 0.0578125
25 0.5046875 0.509375 0.0890625 0.0609375
8 0.5046875 0.446875 0.0921875 0.059375
8 0.5046875 0.3828125 0.090625 0.0625
17 0.5046875 0.31875 0.09375 0.053125
32 0.503125 0.253125 0.0953125 0.0578125
27 0.5046875 0.190625 0.090625 0.053125
22 0.50625 0.10625 0.0859375 0.05