6 0.05 0.5015625 0.0625 0.103125
9 0.1140625 0.503125 0.0625 0.1046875
12 0.178125 0.503125 0.0640625 0.1046875
12 0.2421875 0.5015625 0.0625 0.103125
4 0.3078125 0.5015625 0.0625 0.103125
5 0.371875 0.5015625 0.0609375 0.103125
8 0.4359375 0.5 0.0609375 0.1015625
20 0.5 0.5015625 0.0625 0.1015625
26 0.5640625 0.503125 0.0609375 0.103125
30 0.6296875 0.503125 0.0625 0.1046875
30 0.69375 0.503125 0.0625 0.103125
32 0.7578125 0.5015625 0.0625 0.1015625
28 0.8234375 0.5015625 0.0625 0.103125
22 0.90625 0.5015625 0.0609375 0.1