6 0.5015625 0.95 0.103125 0.0625
9 0.503125 0.8859375 0.1046875 0.0625
12 0.503125 0.821875 0.1046875 0.0640625
12 0.5015625 0.7578125 0.103125 0.0625
4 0.5015625 0.6921875 0.103125 0.0625
5 0.5015625 0.628125 0.103125 0.0609375
8 0.5 0.5640625 0.1015625 0.0609375
20 0.5015625 0.5 0.1015625 0.0625
26 0.503125 0.4359375 0.103125 0.0609375
30 0.503125 0.3703125 0.1046875 0.0625
30 0.503125 0.30625 0.103125 0.0625
32 0.5015625 0.2421875 0.1015625 0.0625
28 0.5015625 0.1765625 0.103125 0.0625
22 0.5015625 0.09375 0.1 0.0609375