9 0.5 0.9546875 0.10625 0.0671875
18 0.5 0.8875 0.1046875 0.065625
1 0.5 0.8203125 0.10625 0.0640625
19 0.5015625 0.753125 0.109375 0.065625
19 0.5 0.684375 0.1109375 0.0671875
5 0.5 0.6171875 0.1078125 0.0640625
5 0.5015625 0.55 0.109375 0.0640625
11 0.503125 0.4828125 0.1078125 0.065625
17 0.5015625 0.415625 0.109375 0.065625
17 0.5 0.35 0.10625 0.065625
31 0.5 0.2828125 0.1046875 0.0640625
28 0.5 0.2140625 0.1078125 0.06875
29 0.5015625 0.146875 0.1109375 0.0671875
26 0.4984375 0.059375 0.10625 0.0640625