0 0.5015625 0.953125 0.10625 0.065625
3 0.5015625 0.8859375 0.10625 0.0640625
3 0.5015625 0.81875 0.1046875 0.0671875
12 0.503125 0.753125 0.103125 0.0625
16 0.503125 0.6859375 0.1046875 0.06875
19 0.5015625 0.61875 0.103125 0.0640625
19 0.5015625 0.553125 0.103125 0.065625
22 0.5015625 0.4875 0.103125 0.0640625
26 0.503125 0.4203125 0.10625 0.065625
11 0.5046875 0.3515625 0.1046875 0.0640625
32 0.5015625 0.2875 0.10625 0.0671875
31 0.503125 0.2203125 0.1046875 0.0640625
28 0.5015625 0.153125 0.1046875 0.065625
23 0.5015625 0.0671875 0.1015625 0.0609375