3 0.9453125 0.496875 0.065625 0.109375
9 0.878125 0.4984375 0.0671875 0.1046875
12 0.8109375 0.4953125 0.065625 0.1078125
21 0.746875 0.496875 0.0625 0.103125
1 0.6796875 0.4953125 0.0640625 0.1078125
4 0.6125 0.4953125 0.065625 0.109375
10 0.546875 0.4984375 0.0640625 0.1046875
5 0.478125 0.496875 0.0640625 0.1078125
8 0.4125 0.496875 0.0625 0.10625
33 0.346875 0.4984375 0.0640625 0.103125
30 0.278125 0.4953125 0.0671875 0.109375
32 0.2125 0.496875 0.0671875 0.10625
31 0.1453125 0.496875 0.0671875 0.1078125
5 0.0578125 0.496875 0.065625 0.1078125