14 0.9671875 0.725 0.0296875 0.0421875
4 0.9375 0.728125 0.03125 0.05
4 0.5140625 0.6578125 0.028125 0.025
4 0.6890625 0.6109375 0.040625 0.025
4 0.1875 0.7109375 0.034375 0.0203125
26 0.6921875 0.5953125 0.0359375 0.028125
26 0.5140625 0.6296875 0.0265625 0.0328125
26 0.5203125 0.40625 0.0296875 0.04375
32 0.6984375 0.5734375 0.0375 0.025
32 0.484375 0.65625 0.025 0.025
32 0.4890625 0.478125 0.021875 0.0296875
28 0.7015625 0.55 0.0421875 0.021875
28 0.665625 0.503125 0.0375 0.03125
28 0.3375 0.503125 0.04375 0.03125
30 0.6546875 0.6125 0.0375 0.025
30 0.61875 0.5484375 0.0390625 0.021875
30 0.34375 0.5296875 0.0453125 0.0265625
30 0.3890625 0.590625 0.03125 0.025
0 0.6578125 0.590625 0.0375 0.0203125
0 0.6140625 0.609375 0.034375 0.021875
0 0.453125 0.4390625 0.03125 0.034375
0 0.41875 0.440625 0.0328125 0.0296875
17 0.659375 0.575 0.0375 0.021875
27 0.6609375 0.5515625 0.040625 0.0234375
27 0.621875 0.503125 0.0375 0.0265625
24 0.6625 0.53125 0.0390625 0.025
24 0.5734375 0.65625 0.0390625 0.0203125
31 0.615625 0.571875 0.0421875 0.021875
31 0.4609375 0.6296875 0.028125 0.028125
31 0.43125 0.63125 0.0328125 0.028125
27 0.615625 0.5953125 0.0484375 0.021875
23 0.6203125 0.5328125 0.040625 0.028125
23 0.3484375 0.59375 0.0375 0.025
23 0.309375 0.59375 0.040625 0.025
27 0.571875 0.63125 0.034375 0.034375
6 0.540625 0.6828125 0.025 0.0296875
6 0.3046875 0.553125 0.046875 0.0265625
22 0.5109375 0.6828125 0.025 0.03125
22 0.484375 0.4078125 0.0359375 0.0390625
33 0.4859375 0.6796875 0.025 0.028125
33 0.5390625 0.628125 0.025 0.0328125
33 0.3796875 0.503125 0.040625 0.0296875
33 0.484375 0.4421875 0.0328125 0.034375
26 0.4171875 0.478125 0.03125 0.03125
2 0.4875 0.628125 0.028125 0.0375
2 0.35 0.6125 0.0453125 0.0265625
2 0.5515625 0.44375 0.0328125 0.034375
10 0.4578125 0.68125 0.0265625 0.028125
10 0.5890625 0.4078125 0.034375 0.0359375
31 0.4296875 0.6796875 0.03125 0.028125
2 0.540625 0.6578125 0.0265625 0.028125
6 0.4578125 0.6578125 0.025 0.0203125
5 0.4328125 0.6578125 0.03125 0.0296875
5 0.51875 0.4421875 0.0328125 0.0359375
5 0.2953125 0.50625 0.05 0.034375
1 0.5890625 0.4796875 0.0359375 0.028125
1 0.34375 0.5515625 0.03125 0.0296875
29 0.55 0.475 0.0328125 0.0265625
29 0.5171875 0.4765625 0.0296875 0.0328125
29 0.38125 0.53125 0.0453125 0.025
15 0.453125 0.4765625 0.025 0.034375
15 0.3 0.53125 0.04375 0.0265625
22 0.5875 0.446875 0.034375 0.0359375
15 0.5546875 0.4078125 0.0328125 0.04375
19 0.390625 0.6078125 0.0453125 0.0265625
19 0.4125 0.2578125 0.05 0.075
25 0.3859375 0.5734375 0.0453125 0.0203125
25 0.3828125 0.55 0.040625 0.021875
25 0.3015625 0.5734375 0.0375 0.0203125
28 0.346875 0.5734375 0.0421875 0.028125
9 0.18125 0.6890625 0.0390625 0.0234375
9 0.1765625 0.6703125 0.053125 0.0203125
9 0.1703125 0.653125 0.04375 0.021875
7 0.196875 0.725 0.053125 0.015625
7 0.6125 0.2546875 0.0484375 0.0828125
7 0.5640625 0.2546875 0.0578125 0.0765625
10 0.2015625 0.74375 0.05 0.021875
3 0.8515625 0.2546875 0.0359375 0.071875
3 0.809375 0.253125 0.04375 0.075
3 0.7578125 0.253125 0.046875 0.075
12 0.7109375 0.25625 0.04375 0.0796875
21 0.659375 0.25625 0.0453125 0.0828125
13 0.515625 0.25625 0.04375 0.0703125
16 0.465625 0.253125 0.05 0.0859375
20 0.153125 0.2625 0.040625 0.059375
20 0.1171875 0.2609375 0.0453125 0.059375
6 0.70625 0.5265625 0.0421875 0.0265625