14 0.0328125 0.275 0.0328125 0.053125
4 0.0625 0.275 0.0328125 0.05
20 0.2453125 0.259375 0.0234375 0.0359375
20 0.2703125 0.2609375 0.025 0.0515625
9 0.1125 0.546875 0.059375 0.0375
9 0.1046875 0.575 0.053125 0.028125
9 0.0921875 0.6 0.04375 0.0375
4 0.0796875 0.6421875 0.0390625 0.0328125
7 0.0796875 0.671875 0.0578125 0.0390625
10 0.065625 0.7078125 0.0546875 0.053125
15 0.1421875 0.74375 0.05 0.0765625
18 0.1921875 0.746875 0.040625 0.071875
21 0.2390625 0.74375 0.05625 0.08125
24 0.290625 0.7484375 0.053125 0.0796875
24 0.340625 0.74375 0.0515625 0.075
13 0.3890625 0.746875 0.0484375 0.078125
19 0.4359375 0.746875 0.0546875 0.0703125
11 0.4859375 0.7453125 0.040625 0.0671875
11 0.53125 0.7484375 0.05 0.078125
14 0.584375 0.7484375 0.0375 0.084375
14 0.6296875 0.7453125 0.0484375 0.0734375
17 0.678125 0.7453125 0.0453125 0.0796875
17 0.73125 0.746875 0.0578125 0.078125
31 0.415625 0.525 0.0390625 0.0359375
31 0.45 0.521875 0.034375 0.03125
31 0.4125 0.59375 0.03125 0.0375
2 0.4796875 0.5203125 0.0328125 0.0359375
26 0.5140625 0.521875 0.03125 0.0375
33 0.5453125 0.5234375 0.021875 0.03125
33 0.478125 0.5921875 0.03125 0.0375
27 0.5796875 0.5234375 0.0296875 0.034375
5 0.4125 0.55625 0.0328125 0.03125
6 0.4484375 0.5578125 0.028125 0.0375
32 0.4796875 0.5578125 0.034375 0.0359375
4 0.515625 0.55625 0.028125 0.0375
2 0.546875 0.55625 0.0296875 0.0359375
24 0.5859375 0.5609375 0.0484375 0.0296875
10 0.44375 0.5890625 0.0328125 0.040625
22 0.5125 0.5953125 0.0328125 0.0421875
6 0.5484375 0.5953125 0.0296875 0.0421875
5 0.3078125 0.3859375 0.0390625 0.0296875
15 0.30625 0.40625 0.0453125 0.0265625
6 0.303125 0.425 0.0453125 0.025
25 0.2984375 0.446875 0.040625 0.021875
23 0.2953125 0.46875 0.0453125 0.0265625
23 0.3375 0.4671875 0.0453125 0.0265625
2 0.3328125 0.490625 0.040625 0.025
19 0.3765625 0.490625 0.040625 0.025
30 0.378125 0.46875 0.0375 0.015625
28 0.340625 0.446875 0.04375 0.0203125
1 0.3421875 0.425 0.0421875 0.01875
30 0.3453125 0.40625 0.0375 0.021875
28 0.3484375 0.3875 0.034375 0.021875
33 0.3859375 0.3875 0.0421875 0.015625
29 0.3828125 0.4046875 0.0453125 0.0234375
25 0.3828125 0.425 0.0484375 0.0265625
25 0.38125 0.446875 0.0484375 0.025
0 0.4328125 0.340625 0.0375 0.0328125
0 0.459375 0.3390625 0.0265625 0.03125
22 0.4859375 0.3171875 0.0265625 0.025
22 0.56875 0.340625 0.03125 0.0203125
26 0.5125 0.315625 0.0265625 0.025
15 0.5390625 0.3171875 0.034375 0.03125
10 0.5671875 0.315625 0.034375 0.03125
33 0.4859375 0.3421875 0.0265625 0.0234375
5 0.5109375 0.3390625 0.028125 0.028125
2 0.5390625 0.34375 0.0328125 0.028125
26 0.434375 0.3703125 0.0265625 0.03125
15 0.4609375 0.36875 0.025 0.028125
32 0.4875 0.36875 0.028125 0.0328125
29 0.5140625 0.3703125 0.0296875 0.034375
29 0.5421875 0.3703125 0.0296875 0.0328125
1 0.571875 0.36875 0.021875 0.025
27 0.6109375 0.3890625 0.0359375 0.025
23 0.6109375 0.4078125 0.0375 0.0234375
30 0.6171875 0.4296875 0.0359375 0.0203125
30 0.6625 0.4921875 0.0375 0.025
31 0.6140625 0.45 0.0375 0.01875
27 0.61875 0.46875 0.0359375 0.0140625
27 0.653125 0.4296875 0.0328125 0.0203125
0 0.6171875 0.4921875 0.0390625 0.0265625
0 0.6609375 0.46875 0.0359375 0.0265625
17 0.65625 0.4453125 0.0375 0.0265625
24 0.65 0.40625 0.040625 0.025
28 0.65 0.3875 0.0421875 0.0265625
6 0.690625 0.4078125 0.04375 0.025
28 0.69375 0.425 0.053125 0.028125
32 0.7 0.4484375 0.034375 0.028125
26 0.7 0.4671875 0.0421875 0.028125
4 0.70625 0.4953125 0.0390625 0.028125