14 0.275 0.9671875 0.053125 0.0328125
4 0.275 0.9375 0.05 0.0328125
20 0.259375 0.7546875 0.0359375 0.0234375
20 0.2609375 0.7296875 0.0515625 0.025
9 0.546875 0.8875 0.0375 0.059375
9 0.575 0.8953125 0.028125 0.053125
9 0.6 0.9078125 0.0375 0.04375
4 0.6421875 0.9203125 0.0328125 0.0390625
7 0.671875 0.9203125 0.0390625 0.0578125
10 0.7078125 0.934375 0.053125 0.0546875
15 0.74375 0.8578125 0.0765625 0.05
18 0.746875 0.8078125 0.071875 0.040625
21 0.74375 0.7609375 0.08125 0.05625
24 0.7484375 0.709375 0.0796875 0.053125
24 0.74375 0.659375 0.075 0.0515625
13 0.746875 0.6109375 0.078125 0.0484375
19 0.746875 0.5640625 0.0703125 0.0546875
11 0.7453125 0.5140625 0.0671875 0.040625
11 0.7484375 0.46875 0.078125 0.05
14 0.7484375 0.415625 0.084375 0.0375
14 0.7453125 0.3703125 0.0734375 0.0484375
17 0.7453125 0.321875 0.0796875 0.0453125
17 0.746875 0.26875 0.078125 0.0578125
31 0.525 0.584375 0.0359375 0.0390625
31 0.521875 0.55 0.03125 0.034375
31 0.59375 0.5875 0.0375 0.03125
2 0.5203125 0.5203125 0.0359375 0.0328125
26 0.521875 0.4859375 0.0375 0.03125
33 0.5234375 0.4546875 0.03125 0.021875
33 0.5921875 0.521875 0.0375 0.03125
27 0.5234375 0.4203125 0.034375 0.0296875
5 0.55625 0.5875 0.03125 0.0328125
6 0.5578125 0.5515625 0.0375 0.028125
32 0.5578125 0.5203125 0.0359375 0.034375
4 0.55625 0.484375 0.0375 0.028125
2 0.55625 0.453125 0.0359375 0.0296875
24 0.5609375 0.4140625 0.0296875 0.0484375
10 0.5890625 0.55625 0.040625 0.0328125
22 0.5953125 0.4875 0.0421875 0.0328125
6 0.5953125 0.4515625 0.0421875 0.0296875
5 0.3859375 0.6921875 0.0296875 0.0390625
15 0.40625 0.69375 0.0265625 0.0453125
6 0.425 0.696875 0.025 0.0453125
25 0.446875 0.7015625 0.021875 0.040625
23 0.46875 0.7046875 0.0265625 0.0453125
23 0.4671875 0.6625 0.0265625 0.0453125
2 0.490625 0.6671875 0.025 0.040625
19 0.490625 0.6234375 0.025 0.040625
30 0.46875 0.621875 0.015625 0.0375
28 0.446875 0.659375 0.0203125 0.04375
1 0.425 0.6578125 0.01875 0.0421875
30 0.40625 0.6546875 0.021875 0.0375
28 0.3875 0.6515625 0.021875 0.034375
33 0.3875 0.6140625 0.015625 0.0421875
29 0.4046875 0.6171875 0.0234375 0.0453125
25 0.425 0.6171875 0.0265625 0.0484375
25 0.446875 0.61875 0.025 0.0484375
0 0.340625 0.5671875 0.0328125 0.0375
0 0.3390625 0.540625 0.03125 0.0265625
22 0.3171875 0.5140625 0.025 0.0265625
22 0.340625 0.43125 0.0203125 0.03125
26 0.315625 0.4875 0.025 0.0265625
15 0.3171875 0.4609375 0.03125 0.034375
10 0.315625 0.4328125 0.03125 0.034375
33 0.3421875 0.5140625 0.0234375 0.0265625
5 0.3390625 0.4890625 0.028125 0.028125
2 0.34375 0.4609375 0.028125 0.0328125
26 0.3703125 0.565625 0.03125 0.0265625
15 0.36875 0.5390625 0.028125 0.025
32 0.36875 0.5125 0.0328125 0.028125
29 0.3703125 0.4859375 0.034375 0.0296875
29 0.3703125 0.4578125 0.0328125 0.0296875
1 0.36875 0.428125 0.025 0.021875
27 0.3890625 0.3890625 0.025 0.0359375
23 0.4078125 0.3890625 0.0234375 0.0375
30 0.4296875 0.3828125 0.0203125 0.0359375
30 0.4921875 0.3375 0.025 0.0375
31 0.45 0.3859375 0.01875 0.0375
27 0.46875 0.38125 0.0140625 0.0359375
27 0.4296875 0.346875 0.0203125 0.0328125
0 0.4921875 0.3828125 0.0265625 0.0390625
0 0.46875 0.3390625 0.0265625 0.0359375
17 0.4453125 0.34375 0.0265625 0.0375
24 0.40625 0.35 0.025 0.040625
28 0.3875 0.35 0.0265625 0.0421875
6 0.4078125 0.309375 0.025 0.04375
28 0.425 0.30625 0.028125 0.053125
32 0.4484375 0.3 0.028125 0.034375
26 0.4671875 0.3 0.028125 0.0421875
4 0.4953125 0.29375 0.028125 0.0390625