4 0.275 0.965625 0.040625 0.0265625
4 0.5265625 0.4265625 0.0359375 0.0296875
24 0.259375 0.7828125 0.028125 0.021875
24 0.2671875 0.7546875 0.034375 0.01875
24 0.25625 0.7265625 0.0265625 0.03125
32 0.2609375 0.6953125 0.0296875 0.0203125
32 0.25625 0.671875 0.021875 0.040625
32 0.2609375 0.6375 0.0328125 0.0265625
8 0.3859375 0.653125 0.0265625 0.0390625
12 0.4046875 0.6546875 0.0203125 0.0359375
12 0.74375 0.709375 0.0828125 0.0515625
25 0.4296875 0.6578125 0.028125 0.028125
28 0.3890625 0.6109375 0.025 0.0375
28 0.3703125 0.4296875 0.0296875 0.0328125
28 0.5234375 0.5484375 0.0390625 0.03125
28 0.446875 0.3828125 0.021875 0.0515625
33 0.4078125 0.615625 0.01875 0.034375
33 0.49375 0.38125 0.0265625 0.046875
33 0.7421875 0.2046875 0.08125 0.04375
26 0.428125 0.615625 0.021875 0.0390625
26 0.5234375 0.5171875 0.0421875 0.0296875
26 0.4671875 0.3859375 0.0265625 0.0625
1 0.4453125 0.6203125 0.0203125 0.034375
1 0.521875 0.5828125 0.0328125 0.0375
31 0.46875 0.6203125 0.0265625 0.046875
31 0.3859375 0.390625 0.021875 0.0421875
1 0.4921875 0.621875 0.0265625 0.0421875
0 0.53125 0.484375 0.0484375 0.028125
27 0.5265625 0.4546875 0.040625 0.0265625
10 0.5609375 0.5875 0.0375 0.028125
10 0.746875 0.5140625 0.0734375 0.053125
10 0.3421875 0.4859375 0.028125 0.0328125
2 0.5609375 0.55 0.0359375 0.03125
30 0.365625 0.571875 0.034375 0.0328125
18 0.365625 0.540625 0.0390625 0.0296875
18 0.74375 0.6625 0.084375 0.053125
29 0.3671875 0.515625 0.0296875 0.0234375
29 0.3703125 0.4578125 0.0328125 0.03125
21 0.36875 0.484375 0.0359375 0.0265625
21 0.7421875 0.6109375 0.0890625 0.0453125
5 0.3390625 0.4578125 0.03125 0.028125
19 0.3390625 0.4296875 0.025 0.0328125
8 0.4046875 0.3875 0.0296875 0.05625
23 0.4265625 0.3875 0.028125 0.053125
23 0.7421875 0.2671875 0.084375 0.05
17 0.7453125 0.321875 0.078125 0.05625
11 0.746875 0.36875 0.0734375 0.0453125
11 0.746875 0.4171875 0.071875 0.04375
13 0.74375 0.4625 0.075 0.0421875
7 0.7421875 0.5609375 0.084375 0.0515625
12 0.7453125 0.7640625 0.0703125 0.05
9 0.7453125 0.8078125 0.071875 0.05
9 0.7421875 0.85625 0.078125 0.0453125
3 0.4921875 0.334375 0.03125 0.0421875