4 0.965625 0.725 0.0265625 0.040625
4 0.4265625 0.4734375 0.0296875 0.0359375
24 0.7828125 0.740625 0.021875 0.028125
24 0.7546875 0.7328125 0.01875 0.034375
24 0.7265625 0.74375 0.03125 0.0265625
32 0.6953125 0.7390625 0.0203125 0.0296875
32 0.671875 0.74375 0.040625 0.021875
32 0.6375 0.7390625 0.0265625 0.0328125
8 0.653125 0.6140625 0.0390625 0.0265625
12 0.6546875 0.5953125 0.0359375 0.0203125
12 0.709375 0.25625 0.0515625 0.0828125
25 0.6578125 0.5703125 0.028125 0.028125
28 0.6109375 0.6109375 0.0375 0.025
28 0.4296875 0.6296875 0.0328125 0.0296875
28 0.5484375 0.4765625 0.03125 0.0390625
28 0.3828125 0.553125 0.0515625 0.021875
33 0.615625 0.5921875 0.034375 0.01875
33 0.38125 0.50625 0.046875 0.0265625
33 0.2046875 0.2578125 0.04375 0.08125
26 0.615625 0.571875 0.0390625 0.021875
26 0.5171875 0.4765625 0.0296875 0.0421875
26 0.3859375 0.5328125 0.0625 0.0265625
1 0.6203125 0.5546875 0.034375 0.0203125
1 0.5828125 0.478125 0.0375 0.0328125
31 0.6203125 0.53125 0.046875 0.0265625
31 0.390625 0.6140625 0.0421875 0.021875
1 0.621875 0.5078125 0.0421875 0.0265625
0 0.484375 0.46875 0.028125 0.0484375
27 0.4546875 0.4734375 0.0265625 0.040625
10 0.5875 0.4390625 0.028125 0.0375
10 0.5140625 0.253125 0.053125 0.0734375
10 0.4859375 0.6578125 0.0328125 0.028125
2 0.55 0.4390625 0.03125 0.0359375
30 0.571875 0.634375 0.0328125 0.034375
18 0.540625 0.634375 0.0296875 0.0390625
18 0.6625 0.25625 0.053125 0.084375
29 0.515625 0.6328125 0.0234375 0.0296875
29 0.4578125 0.6296875 0.03125 0.0328125
21 0.484375 0.63125 0.0265625 0.0359375
21 0.6109375 0.2578125 0.0453125 0.0890625
5 0.4578125 0.6609375 0.028125 0.03125
19 0.4296875 0.6609375 0.0328125 0.025
8 0.3875 0.5953125 0.05625 0.0296875
23 0.3875 0.5734375 0.053125 0.028125
23 0.2671875 0.2578125 0.05 0.084375
17 0.321875 0.2546875 0.05625 0.078125
11 0.36875 0.253125 0.0453125 0.0734375
11 0.4171875 0.253125 0.04375 0.071875
13 0.4625 0.25625 0.0421875 0.075
7 0.5609375 0.2578125 0.0515625 0.084375
12 0.7640625 0.2546875 0.05 0.0703125
9 0.8078125 0.2546875 0.05 0.071875
9 0.85625 0.2578125 0.0453125 0.078125
3 0.334375 0.5078125 0.0421875 0.03125