25 0.0328125 0.275 0.0296875 0.0453125
10 0.3078125 0.3859375 0.0375 0.0265625
10 0.446875 0.59375 0.0296875 0.0359375
10 0.5453125 0.340625 0.025 0.0234375
4 0.30625 0.40625 0.040625 0.025
4 0.65625 0.45 0.0390625 0.028125
4 0.4140625 0.59375 0.034375 0.040625
24 0.3046875 0.428125 0.040625 0.0203125
24 0.5125 0.321875 0.0203125 0.03125
24 0.4234375 0.340625 0.025 0.028125
0 0.296875 0.4484375 0.0421875 0.0203125
0 0.38125 0.446875 0.034375 0.025
0 0.5828125 0.5234375 0.03125 0.03125
23 0.346875 0.384375 0.0375 0.0265625
29 0.3453125 0.40625 0.0375 0.0203125
29 0.6125 0.428125 0.040625 0.01875
29 0.69375 0.428125 0.0375 0.01875
29 0.7046875 0.4921875 0.0453125 0.03125
25 0.3421875 0.4265625 0.034375 0.01875
26 0.340625 0.4453125 0.0375 0.025
26 0.4125 0.5546875 0.034375 0.034375
30 0.3390625 0.46875 0.034375 0.0265625
30 0.5140625 0.3671875 0.0265625 0.028125
30 0.6109375 0.3875 0.04375 0.0171875
30 0.6109375 0.4078125 0.04375 0.01875
6 0.3328125 0.4921875 0.0375 0.0234375
6 0.4828125 0.3421875 0.0375 0.0171875
27 0.3859375 0.3875 0.040625 0.0203125
27 0.54375 0.5234375 0.03125 0.0328125
27 0.61875 0.4484375 0.0421875 0.021875
27 0.5421875 0.36875 0.0265625 0.0359375
28 0.3828125 0.4078125 0.0421875 0.0265625
28 0.615625 0.4671875 0.0421875 0.025
28 0.6578125 0.46875 0.0421875 0.0234375
28 0.43125 0.3734375 0.028125 0.0359375
8 0.3796875 0.46875 0.0421875 0.0265625
8 0.6640625 0.49375 0.040625 0.0296875
13 0.3765625 0.4921875 0.0421875 0.0296875
13 0.5421875 0.3171875 0.0296875 0.025
13 0.7 0.4484375 0.0359375 0.01875
33 0.4171875 0.525 0.0296875 0.034375
33 0.4859375 0.36875 0.025 0.0296875
33 0.65 0.4 0.0390625 0.021875
32 0.4484375 0.521875 0.025 0.03125
32 0.478125 0.5234375 0.03125 0.034375
31 0.5140625 0.525 0.0296875 0.0390625
31 0.61875 0.4953125 0.04375 0.0328125
31 0.5703125 0.365625 0.028125 0.028125
2 0.45 0.5609375 0.0265625 0.034375
21 0.48125 0.55625 0.025 0.028125
21 0.5796875 0.559375 0.0328125 0.0390625
17 0.5125 0.55625 0.0265625 0.0359375
1 0.5453125 0.5546875 0.0328125 0.0375
1 0.6546875 0.4265625 0.0296875 0.0359375
15 0.4765625 0.59375 0.03125 0.040625
12 0.509375 0.5921875 0.0265625 0.04375
12 0.1421875 0.74375 0.0484375 0.075
12 0.1890625 0.74375 0.04375 0.0765625
11 0.546875 0.5921875 0.0296875 0.0484375
11 0.5140625 0.340625 0.025 0.028125
11 0.6890625 0.40625 0.0421875 0.021875
7 0.240625 0.74375 0.0453125 0.0796875
7 0.5015625 0.7453125 0.059375 0.0828125
5 0.2859375 0.7484375 0.0390625 0.0765625
5 0.340625 0.7484375 0.0390625 0.0765625
14 0.3875 0.746875 0.04375 0.0734375
14 0.4375 0.7421875 0.0546875 0.084375
16 0.7109375 0.7375 0.0484375 0.0546875
16 0.7515625 0.7328125 0.0375 0.05625
16 0.790625 0.7453125 0.05 0.0328125
22 0.8359375 0.7359375 0.0390625 0.05625
22 0.8765625 0.740625 0.0515625 0.0359375
22 0.921875 0.7421875 0.0515625 0.0734375
22 0.565625 0.3171875 0.0296875 0.0296875
8 0.6578125 0.490625 0.0484375 0.034375
9 0.7015625 0.4703125 0.05 0.0265625
9 0.646875 0.38125 0.0375 0.028125
15 0.459375 0.36875 0.0234375 0.0328125
15 0.453125 0.340625 0.03125 0.0265625