0 0.965625 0.7234375 0.03125 0.0484375
0 0.6265625 0.5046875 0.0359375 0.0296875
12 0.91875 0.365625 0.0390625 0.0375
12 0.809375 0.2546875 0.0421875 0.071875
6 0.9296875 0.3296875 0.0671875 0.03125
9 0.93125 0.2921875 0.0734375 0.0453125
9 0.8546875 0.253125 0.04375 0.0921875
29 0.6515625 0.6125 0.040625 0.025
29 0.6203125 0.5296875 0.04375 0.021875
29 0.4234375 0.471875 0.03125 0.0328125
20 0.659375 0.5921875 0.0453125 0.025
20 0.3171875 0.259375 0.046875 0.0765625
16 0.6578125 0.575 0.040625 0.025
16 0.415625 0.25 0.04375 0.0703125
8 0.6609375 0.5546875 0.0390625 0.025
10 0.665625 0.5296875 0.040625 0.028125
10 0.5625 0.253125 0.04375 0.075
33 0.6109375 0.6125 0.0296875 0.021875
33 0.553125 0.4734375 0.03125 0.0328125
33 0.521875 0.475 0.0265625 0.0359375
1 0.6140625 0.590625 0.0375 0.01875
25 0.61875 0.575 0.0359375 0.0234375
27 0.61875 0.553125 0.0421875 0.025
27 0.3859375 0.571875 0.0421875 0.025
10 0.5703125 0.63125 0.0359375 0.03125
23 0.540625 0.6296875 0.03125 0.0296875
23 0.2640625 0.25625 0.0546875 0.0828125
26 0.5140625 0.6328125 0.025 0.034375
26 0.3859375 0.5515625 0.0421875 0.01875
30 0.4890625 0.6328125 0.025 0.034375
30 0.390625 0.6109375 0.0390625 0.0203125
17 0.4578125 0.6328125 0.028125 0.0296875
17 0.490625 0.65625 0.0328125 0.0296875
17 0.3515625 0.5953125 0.04375 0.0203125
32 0.428125 0.6296875 0.028125 0.034375
32 0.3828125 0.5296875 0.0328125 0.0203125
4 0.5171875 0.659375 0.028125 0.0296875
4 0.4640625 0.6625 0.03125 0.034375
4 0.4296875 0.6625 0.0296875 0.03125
2 0.390625 0.5921875 0.0421875 0.021875
2 0.584375 0.4734375 0.0328125 0.0359375
31 0.3796875 0.503125 0.0375 0.03125
31 0.4875 0.4734375 0.03125 0.03125
7 0.34375 0.571875 0.0421875 0.025
7 0.6109375 0.2515625 0.05 0.0734375
2 0.3453125 0.5515625 0.040625 0.025
11 0.3375 0.5328125 0.04375 0.0203125
24 0.334375 0.5015625 0.05 0.0375
28 0.2015625 0.74375 0.0421875 0.021875
28 0.196875 0.7265625 0.040625 0.0234375
28 0.1859375 0.7046875 0.034375 0.0375
15 0.7578125 0.2515625 0.05 0.0796875
18 0.7078125 0.2546875 0.0453125 0.0828125
21 0.6625 0.2546875 0.0515625 0.075
13 0.5109375 0.2546875 0.05625 0.0828125
13 0.4625 0.2515625 0.0484375 0.0859375
13 0.51875 0.440625 0.0265625 0.040625
19 0.36875 0.2546875 0.0453125 0.078125
31 0.584375 0.44375 0.0390625 0.04375
31 0.5515625 0.4375 0.034375 0.04375
30 0.4578125 0.4703125 0.03125 0.05
3 0.4828125 0.44375 0.04375 0.040625