17 0.0328125 0.2734375 0.0328125 0.046875
17 0.659375 0.446875 0.04375 0.0203125
17 0.5125 0.340625 0.0265625 0.025
11 0.21875 0.2578125 0.03125 0.03125
11 0.25 0.2546875 0.0375 0.0296875
11 0.2796875 0.259375 0.028125 0.0265625
0 0.3078125 0.3875 0.040625 0.0203125
0 0.3078125 0.409375 0.0375 0.0296875
0 0.459375 0.3421875 0.025 0.03125
0 0.571875 0.3671875 0.0296875 0.0375
15 0.3484375 0.3875 0.0328125 0.021875
15 0.1390625 0.7453125 0.05625 0.0734375
15 0.540625 0.3421875 0.021875 0.021875
16 0.34375 0.40625 0.0421875 0.025
16 0.34375 0.428125 0.0375 0.025
16 0.4296875 0.340625 0.028125 0.0328125
16 0.703125 0.4921875 0.0421875 0.03125
6 0.3390625 0.4484375 0.0390625 0.0203125
6 0.6625 0.4921875 0.0390625 0.021875
6 0.5109375 0.5609375 0.025 0.040625
15 0.3828125 0.4453125 0.0421875 0.021875
14 0.3359375 0.4671875 0.040625 0.0265625
22 0.3359375 0.4921875 0.046875 0.028125
25 0.3859375 0.3890625 0.034375 0.0234375
25 0.4296875 0.3671875 0.03125 0.0265625
25 0.41875 0.5234375 0.0328125 0.0359375
1 0.3828125 0.4078125 0.0296875 0.0203125
1 0.4796875 0.525 0.0328125 0.034375
1 0.5109375 0.525 0.0265625 0.0328125
1 0.61875 0.4921875 0.04375 0.021875
21 0.3828125 0.4265625 0.0375 0.01875
21 0.6171875 0.46875 0.040625 0.0203125
21 0.6171875 0.4484375 0.034375 0.021875
21 0.2890625 0.7453125 0.05 0.071875
13 0.378125 0.46875 0.0390625 0.0203125
13 0.4140625 0.5578125 0.0328125 0.0359375
13 0.478125 0.5609375 0.03125 0.0359375
10 0.3796875 0.4921875 0.0375 0.0265625
31 0.4578125 0.3703125 0.0265625 0.03125
31 0.44375 0.559375 0.034375 0.040625
31 0.6078125 0.4078125 0.034375 0.015625
31 0.6515625 0.3875 0.040625 0.0234375
7 0.484375 0.340625 0.025 0.0265625
7 0.5796875 0.5609375 0.0421875 0.040625
26 0.4859375 0.365625 0.0296875 0.0328125
18 0.5125 0.3671875 0.0265625 0.034375
18 0.1953125 0.7515625 0.0421875 0.078125
18 0.2421875 0.7453125 0.0453125 0.0765625
33 0.5421875 0.371875 0.03125 0.0390625
33 0.45 0.5234375 0.0328125 0.040625
12 0.540625 0.3171875 0.0265625 0.0234375
9 0.5671875 0.3171875 0.03125 0.0296875
9 0.56875 0.3421875 0.03125 0.0265625
9 0.6640625 0.46875 0.0453125 0.0265625
2 0.6078125 0.4265625 0.0421875 0.021875
19 0.6578125 0.428125 0.0390625 0.0265625
4 0.6546875 0.40625 0.0484375 0.021875
10 0.6078125 0.384375 0.040625 0.0265625
5 0.3890625 0.74375 0.04375 0.08125
5 0.6453125 0.74375 0.05625 0.078125
30 0.4359375 0.74375 0.0421875 0.0859375
28 0.4859375 0.7484375 0.053125 0.078125
27 0.534375 0.7453125 0.0359375 0.0796875
27 0.58125 0.7453125 0.053125 0.0765625
12 0.8359375 0.740625 0.0578125 0.0359375
12 0.8859375 0.740625 0.034375 0.0671875
12 0.9265625 0.7390625 0.0421875 0.0515625
12 0.8 0.2546875 0.0375 0.025