17 0.7265625 0.0328125 0.046875 0.0328125
17 0.553125 0.659375 0.0203125 0.04375
17 0.659375 0.5125 0.025 0.0265625
11 0.7421875 0.21875 0.03125 0.03125
11 0.7453125 0.25 0.0296875 0.0375
11 0.740625 0.2796875 0.0265625 0.028125
0 0.6125 0.3078125 0.0203125 0.040625
0 0.590625 0.3078125 0.0296875 0.0375
0 0.6578125 0.459375 0.03125 0.025
0 0.6328125 0.571875 0.0375 0.0296875
15 0.6125 0.3484375 0.021875 0.0328125
15 0.2546875 0.1390625 0.0734375 0.05625
15 0.6578125 0.540625 0.021875 0.021875
16 0.59375 0.34375 0.025 0.0421875
16 0.571875 0.34375 0.025 0.0375
16 0.659375 0.4296875 0.0328125 0.028125
16 0.5078125 0.703125 0.03125 0.0421875
6 0.5515625 0.3390625 0.0203125 0.0390625
6 0.5078125 0.6625 0.021875 0.0390625
6 0.4390625 0.5109375 0.040625 0.025
15 0.5546875 0.3828125 0.021875 0.0421875
14 0.5328125 0.3359375 0.0265625 0.040625
22 0.5078125 0.3359375 0.028125 0.046875
25 0.6109375 0.3859375 0.0234375 0.034375
25 0.6328125 0.4296875 0.0265625 0.03125
25 0.4765625 0.41875 0.0359375 0.0328125
1 0.5921875 0.3828125 0.0203125 0.0296875
1 0.475 0.4796875 0.034375 0.0328125
1 0.475 0.5109375 0.0328125 0.0265625
1 0.5078125 0.61875 0.021875 0.04375
21 0.5734375 0.3828125 0.01875 0.0375
21 0.53125 0.6171875 0.0203125 0.040625
21 0.5515625 0.6171875 0.021875 0.034375
21 0.2546875 0.2890625 0.071875 0.05
13 0.53125 0.378125 0.0203125 0.0390625
13 0.4421875 0.4140625 0.0359375 0.0328125
13 0.4390625 0.478125 0.0359375 0.03125
10 0.5078125 0.3796875 0.0265625 0.0375
31 0.6296875 0.4578125 0.03125 0.0265625
31 0.440625 0.44375 0.040625 0.034375
31 0.5921875 0.6078125 0.015625 0.034375
31 0.6125 0.6515625 0.0234375 0.040625
7 0.659375 0.484375 0.0265625 0.025
7 0.4390625 0.5796875 0.040625 0.0421875
26 0.634375 0.4859375 0.0328125 0.0296875
18 0.6328125 0.5125 0.034375 0.0265625
18 0.2484375 0.1953125 0.078125 0.0421875
18 0.2546875 0.2421875 0.0765625 0.0453125
33 0.628125 0.5421875 0.0390625 0.03125
33 0.4765625 0.45 0.040625 0.0328125
12 0.6828125 0.540625 0.0234375 0.0265625
9 0.6828125 0.5671875 0.0296875 0.03125
9 0.6578125 0.56875 0.0265625 0.03125
9 0.53125 0.6640625 0.0265625 0.0453125
2 0.5734375 0.6078125 0.021875 0.0421875
19 0.571875 0.6578125 0.0265625 0.0390625
4 0.59375 0.6546875 0.021875 0.0484375
10 0.615625 0.6078125 0.0265625 0.040625
5 0.25625 0.3890625 0.08125 0.04375
5 0.25625 0.6453125 0.078125 0.05625
30 0.25625 0.4359375 0.0859375 0.0421875
28 0.2515625 0.4859375 0.078125 0.053125
27 0.2546875 0.534375 0.0796875 0.0359375
27 0.2546875 0.58125 0.0765625 0.053125
12 0.259375 0.8359375 0.0359375 0.0578125
12 0.259375 0.8859375 0.0671875 0.034375
12 0.2609375 0.9265625 0.0515625 0.0421875
12 0.7453125 0.8 0.025 0.0375