23 0.96875 0.725 0.034375 0.0453125
23 0.36875 0.2546875 0.04375 0.078125
23 0.3171875 0.2546875 0.0515625 0.078125
28 0.871875 0.525 0.059375 0.034375
28 0.871875 0.4984375 0.053125 0.021875
28 0.878125 0.4734375 0.0578125 0.0265625
30 0.89375 0.4453125 0.040625 0.040625
30 0.89375 0.4171875 0.0640625 0.03125
30 0.90625 0.39375 0.0515625 0.03125
30 0.571875 0.63125 0.0296875 0.0328125
28 0.4578125 0.6578125 0.0265625 0.0328125
12 0.9140625 0.3671875 0.0515625 0.0265625
12 0.9390625 0.2953125 0.0390625 0.0546875
12 0.91875 0.3359375 0.05625 0.03125
16 0.6546875 0.6171875 0.0453125 0.0296875
24 0.653125 0.5953125 0.040625 0.0203125
24 0.43125 0.6296875 0.028125 0.0375
9 0.65625 0.5703125 0.0421875 0.025
9 0.3359375 0.50625 0.0453125 0.0328125
2 0.6125 0.6140625 0.0359375 0.025
31 0.6140625 0.59375 0.0390625 0.021875
3 0.775 0.7421875 0.0390625 0.0296875
3 0.7484375 0.7390625 0.021875 0.0328125
3 0.725 0.7390625 0.0296875 0.034375
15 0.69375 0.740625 0.03125 0.025
15 0.6640625 0.7390625 0.025 0.0375
15 0.64375 0.7421875 0.0265625 0.034375
25 0.6203125 0.571875 0.0421875 0.025
25 0.5421875 0.6296875 0.0234375 0.0375
25 0.3859375 0.553125 0.0375 0.021875
25 0.515625 0.253125 0.0484375 0.0671875
7 0.6234375 0.5515625 0.04375 0.0203125
7 0.384375 0.590625 0.04375 0.021875
7 0.3859375 0.5734375 0.040625 0.0171875
22 0.625 0.5328125 0.04375 0.0203125
22 0.5640625 0.2546875 0.0453125 0.0734375
8 0.61875 0.5015625 0.0453125 0.0328125
31 0.584375 0.4734375 0.034375 0.03125
31 0.5546875 0.4734375 0.0328125 0.034375
32 0.521875 0.4703125 0.0328125 0.05
32 0.4859375 0.634375 0.0265625 0.03125
27 0.4859375 0.4734375 0.0234375 0.0375
29 0.45625 0.471875 0.03125 0.0390625
10 0.425 0.4703125 0.03125 0.0390625
4 0.5828125 0.4421875 0.034375 0.04375
4 0.4578125 0.628125 0.0265625 0.0359375
26 0.428125 0.6625 0.0234375 0.034375
26 0.26875 0.2578125 0.0484375 0.084375
20 0.5125 0.6328125 0.034375 0.0390625
20 0.415625 0.2546875 0.053125 0.0859375
33 0.390625 0.615625 0.0390625 0.0265625
1 0.375 0.5296875 0.053125 0.028125
1 0.2046875 0.253125 0.0578125 0.084375
1 0.6609375 0.25625 0.0421875 0.0703125
6 0.38125 0.5046875 0.0515625 0.034375
19 0.609375 0.25625 0.0484375 0.0765625
17 0.4640625 0.25625 0.0453125 0.078125
21 0.709375 0.2546875 0.0453125 0.0703125
0 0.753125 0.2546875 0.0484375 0.0734375
0 0.80625 0.2515625 0.0484375 0.0796875
0 0.85625 0.25625 0.0515625 0.078125