2 0.271875 0.9671875 0.040625 0.0296875
6 0.475 0.8671875 0.0328125 0.03125
0 0.5015625 0.86875 0.025 0.0421875
3 0.5265625 0.8765625 0.0234375 0.0546875
33 0.5484375 0.8859375 0.025 0.05
33 0.5734375 0.89375 0.0265625 0.05
33 0.6046875 0.9078125 0.034375 0.0265625
1 0.634375 0.909375 0.0265625 0.046875
1 0.6625 0.9203125 0.0296875 0.053125
1 0.7 0.9359375 0.0421875 0.0375
6 0.7453125 0.859375 0.071875 0.05
9 0.746875 0.809375 0.0765625 0.0484375
12 0.7453125 0.759375 0.0765625 0.046875
5 0.746875 0.709375 0.071875 0.046875
8 0.746875 0.6609375 0.0765625 0.046875
11 0.74375 0.6140625 0.078125 0.046875
17 0.74375 0.5640625 0.08125 0.0453125
20 0.74375 0.5140625 0.075 0.0453125
20 0.7421875 0.4625 0.075 0.0421875
23 0.7453125 0.415625 0.08125 0.05
23 0.74375 0.36875 0.08125 0.046875
26 0.74375 0.3203125 0.0828125 0.0515625
28 0.7421875 0.26875 0.0875 0.05625
32 0.74375 0.2046875 0.08125 0.05
29 0.253125 0.778125 0.0203125 0.040625
29 0.25625 0.7453125 0.0234375 0.021875
29 0.2609375 0.7203125 0.0265625 0.0203125
16 0.259375 0.6984375 0.028125 0.0203125
16 0.253125 0.66875 0.0203125 0.034375
16 0.2578125 0.6390625 0.025 0.0203125
6 0.2609375 0.6140625 0.0265625 0.0171875
0 0.25625 0.5921875 0.025 0.021875
3 0.253125 0.5609375 0.0203125 0.0359375
8 0.3875 0.653125 0.0234375 0.0421875
17 0.4046875 0.6546875 0.0234375 0.0421875
18 0.425 0.6578125 0.021875 0.0484375
3 0.446875 0.6625 0.0234375 0.040625
29 0.4671875 0.6625 0.021875 0.040625
32 0.490625 0.665625 0.0296875 0.0484375
32 0.4671875 0.621875 0.021875 0.0359375
24 0.4921875 0.6234375 0.0234375 0.040625
12 0.446875 0.6171875 0.01875 0.0359375
31 0.4265625 0.615625 0.01875 0.0375
22 0.40625 0.615625 0.0203125 0.040625
16 0.3859375 0.6140625 0.0234375 0.040625
30 0.525 0.5828125 0.034375 0.0328125
27 0.5265625 0.5515625 0.034375 0.025
15 0.525 0.51875 0.034375 0.028125
21 0.525 0.4875 0.034375 0.028125
4 0.5265625 0.453125 0.0390625 0.0328125
22 0.5265625 0.425 0.04375 0.03125
10 0.559375 0.58125 0.025 0.0421875
18 0.5609375 0.5421875 0.03125 0.0296875
2 0.5625 0.5078125 0.034375 0.028125
18 0.3671875 0.5703125 0.028125 0.028125
23 0.3640625 0.540625 0.028125 0.025
2 0.3390625 0.5140625 0.028125 0.025
3 0.340625 0.4828125 0.0296875 0.0234375
31 0.3421875 0.459375 0.025 0.03125
22 0.340625 0.428125 0.028125 0.03125
32 0.36875 0.5125 0.028125 0.028125
27 0.371875 0.4890625 0.028125 0.0234375
31 0.36875 0.4578125 0.028125 0.028125
30 0.365625 0.428125 0.0234375 0.0265625
0 0.49375 0.378125 0.021875 0.0359375
33 0.4921875 0.334375 0.021875 0.04375
31 0.46875 0.3828125 0.0203125 0.0390625
17 0.46875 0.3375 0.0203125 0.0421875
23 0.4484375 0.3828125 0.0203125 0.0421875
13 0.4265625 0.384375 0.021875 0.0484375
4 0.409375 0.3890625 0.0171875 0.040625
12 0.3875 0.390625 0.021875 0.046875