2 0.9671875 0.728125 0.0296875 0.040625
6 0.8671875 0.525 0.03125 0.0328125
0 0.86875 0.4984375 0.0421875 0.025
3 0.8765625 0.4734375 0.0546875 0.0234375
33 0.8859375 0.4515625 0.05 0.025
33 0.89375 0.4265625 0.05 0.0265625
33 0.9078125 0.3953125 0.0265625 0.034375
1 0.909375 0.365625 0.046875 0.0265625
1 0.9203125 0.3375 0.053125 0.0296875
1 0.9359375 0.3 0.0375 0.0421875
6 0.859375 0.2546875 0.05 0.071875
9 0.809375 0.253125 0.0484375 0.0765625
12 0.759375 0.2546875 0.046875 0.0765625
5 0.709375 0.253125 0.046875 0.071875
8 0.6609375 0.253125 0.046875 0.0765625
11 0.6140625 0.25625 0.046875 0.078125
17 0.5640625 0.25625 0.0453125 0.08125
20 0.5140625 0.25625 0.0453125 0.075
20 0.4625 0.2578125 0.0421875 0.075
23 0.415625 0.2546875 0.05 0.08125
23 0.36875 0.25625 0.046875 0.08125
26 0.3203125 0.25625 0.0515625 0.0828125
28 0.26875 0.2578125 0.05625 0.0875
32 0.2046875 0.25625 0.05 0.08125
29 0.778125 0.746875 0.040625 0.0203125
29 0.7453125 0.74375 0.021875 0.0234375
29 0.7203125 0.7390625 0.0203125 0.0265625
16 0.6984375 0.740625 0.0203125 0.028125
16 0.66875 0.746875 0.034375 0.0203125
16 0.6390625 0.7421875 0.0203125 0.025
6 0.6140625 0.7390625 0.0171875 0.0265625
0 0.5921875 0.74375 0.021875 0.025
3 0.5609375 0.746875 0.0359375 0.0203125
8 0.653125 0.6125 0.0421875 0.0234375
17 0.6546875 0.5953125 0.0421875 0.0234375
18 0.6578125 0.575 0.0484375 0.021875
3 0.6625 0.553125 0.040625 0.0234375
29 0.6625 0.5328125 0.040625 0.021875
32 0.665625 0.509375 0.0484375 0.0296875
32 0.621875 0.5328125 0.0359375 0.021875
24 0.6234375 0.5078125 0.040625 0.0234375
12 0.6171875 0.553125 0.0359375 0.01875
31 0.615625 0.5734375 0.0375 0.01875
22 0.615625 0.59375 0.040625 0.0203125
16 0.6140625 0.6140625 0.040625 0.0234375
30 0.5828125 0.475 0.0328125 0.034375
27 0.5515625 0.4734375 0.025 0.034375
15 0.51875 0.475 0.028125 0.034375
21 0.4875 0.475 0.028125 0.034375
4 0.453125 0.4734375 0.0328125 0.0390625
22 0.425 0.4734375 0.03125 0.04375
10 0.58125 0.440625 0.0421875 0.025
18 0.5421875 0.4390625 0.0296875 0.03125
2 0.5078125 0.4375 0.028125 0.034375
18 0.5703125 0.6328125 0.028125 0.028125
23 0.540625 0.6359375 0.025 0.028125
2 0.5140625 0.6609375 0.025 0.028125
3 0.4828125 0.659375 0.0234375 0.0296875
31 0.459375 0.6578125 0.03125 0.025
22 0.428125 0.659375 0.03125 0.028125
32 0.5125 0.63125 0.028125 0.028125
27 0.4890625 0.628125 0.0234375 0.028125
31 0.4578125 0.63125 0.028125 0.028125
30 0.428125 0.634375 0.0265625 0.0234375
0 0.378125 0.50625 0.0359375 0.021875
33 0.334375 0.5078125 0.04375 0.021875
31 0.3828125 0.53125 0.0390625 0.0203125
17 0.3375 0.53125 0.0421875 0.0203125
23 0.3828125 0.5515625 0.0421875 0.0203125
13 0.384375 0.5734375 0.0484375 0.021875
4 0.3890625 0.590625 0.040625 0.0171875
12 0.390625 0.6125 0.046875 0.021875