31 0.034375 0.2734375 0.0328125 0.05
5 0.078125 0.640625 0.0453125 0.0390625
2 0.0765625 0.671875 0.0578125 0.034375
8 0.0671875 0.703125 0.0546875 0.0375
1 0.1453125 0.7453125 0.04375 0.078125
1 0.1921875 0.74375 0.04375 0.078125
19 0.24375 0.74375 0.046875 0.084375
22 0.290625 0.74375 0.0421875 0.075
25 0.340625 0.7421875 0.04375 0.0875
11 0.3890625 0.746875 0.0453125 0.0828125
14 0.4375 0.7421875 0.05 0.0859375
17 0.4875 0.7421875 0.0484375 0.0953125
33 0.5359375 0.740625 0.05 0.0875
33 0.584375 0.740625 0.05 0.0875
6 0.65 0.7421875 0.0484375 0.0828125
6 0.9234375 0.740625 0.04375 0.0453125
9 0.840625 0.7421875 0.05625 0.034375
3 0.8859375 0.740625 0.034375 0.059375
32 0.415625 0.5265625 0.0296875 0.034375
5 0.446875 0.525 0.028125 0.0328125
10 0.4828125 0.5234375 0.03125 0.034375
21 0.5125 0.521875 0.028125 0.0421875
26 0.546875 0.525 0.03125 0.0375
19 0.578125 0.525 0.028125 0.040625
10 0.415625 0.5578125 0.0328125 0.0453125
15 0.4484375 0.565625 0.0328125 0.04375
25 0.4828125 0.5609375 0.034375 0.0453125
26 0.5140625 0.559375 0.034375 0.0453125
32 0.55 0.5578125 0.0359375 0.0484375
29 0.309375 0.3875 0.0375 0.0234375
27 0.3078125 0.409375 0.034375 0.0234375
8 0.3484375 0.3890625 0.0359375 0.025
17 0.3453125 0.4046875 0.0375 0.025
23 0.3421875 0.425 0.0375 0.025
21 0.340625 0.4484375 0.0375 0.015625
10 0.3375 0.4671875 0.040625 0.0265625
27 0.3359375 0.49375 0.0375 0.0234375
7 0.3796875 0.4921875 0.04375 0.0234375
12 0.3796875 0.46875 0.0390625 0.01875
7 0.3796875 0.4484375 0.0390625 0.0203125
23 0.3828125 0.428125 0.0390625 0.025
28 0.3859375 0.409375 0.040625 0.0234375
23 0.3890625 0.3859375 0.034375 0.0203125
11 0.2203125 0.25625 0.0265625 0.025
5 0.24375 0.253125 0.0296875 0.028125
8 0.2765625 0.25625 0.0359375 0.028125
16 0.303125 0.2578125 0.0265625 0.03125
13 0.3296875 0.2546875 0.028125 0.03125
19 0.3578125 0.2578125 0.034375 0.03125
16 0.621875 0.4953125 0.04375 0.0328125
15 0.66875 0.4921875 0.05625 0.021875
20 0.61875 0.4703125 0.040625 0.0234375
27 0.6625 0.46875 0.05 0.0234375
2 0.615625 0.4484375 0.040625 0.021875
24 0.6140625 0.428125 0.040625 0.01875
4 0.65625 0.4265625 0.0390625 0.0203125
4 0.6515625 0.3875 0.0359375 0.0203125
27 0.6546875 0.4109375 0.0359375 0.0203125
11 0.615625 0.409375 0.040625 0.021875
26 0.6109375 0.390625 0.040625 0.025
2 0.4328125 0.3390625 0.0296875 0.028125
2 0.43125 0.36875 0.028125 0.0328125
29 0.4609375 0.340625 0.0296875 0.025
4 0.4609375 0.3671875 0.0265625 0.0359375
7 0.4875 0.3421875 0.028125 0.025
9 0.4875 0.3703125 0.028125 0.034375
5 0.5140625 0.340625 0.028125 0.03125
17 0.515625 0.365625 0.0328125 0.0328125
14 0.54375 0.31875 0.0265625 0.028125
16 0.5703125 0.3171875 0.025 0.0265625
8 0.5421875 0.340625 0.0234375 0.0296875
11 0.5734375 0.340625 0.028125 0.0265625
28 0.54375 0.3671875 0.028125 0.0296875
32 0.571875 0.3671875 0.028125 0.0296875
6 0.8484375 0.403125 0.0375 0.034375
21 0.8375 0.3796875 0.0421875 0.0203125
24 0.8296875 0.3609375 0.040625 0.01875
31 0.828125 0.340625 0.0265625 0.0171875
31 0.81875 0.325 0.040625 0.0140625
31 0.815625 0.30625 0.0359375 0.015625
30 0.8140625 0.2890625 0.0203125 0.01875
30 0.80625 0.271875 0.0421875 0.01875
30 0.7984375 0.25625 0.040625 0.0125