31 0.2734375 0.965625 0.05 0.0328125
5 0.640625 0.921875 0.0390625 0.0453125
2 0.671875 0.9234375 0.034375 0.0578125
8 0.703125 0.9328125 0.0375 0.0546875
1 0.7453125 0.8546875 0.078125 0.04375
1 0.74375 0.8078125 0.078125 0.04375
19 0.74375 0.75625 0.084375 0.046875
22 0.74375 0.709375 0.075 0.0421875
25 0.7421875 0.659375 0.0875 0.04375
11 0.746875 0.6109375 0.0828125 0.0453125
14 0.7421875 0.5625 0.0859375 0.05
17 0.7421875 0.5125 0.0953125 0.0484375
33 0.740625 0.4640625 0.0875 0.05
33 0.740625 0.415625 0.0875 0.05
6 0.7421875 0.35 0.0828125 0.0484375
6 0.740625 0.0765625 0.0453125 0.04375
9 0.7421875 0.159375 0.034375 0.05625
3 0.740625 0.1140625 0.059375 0.034375
32 0.5265625 0.584375 0.034375 0.0296875
5 0.525 0.553125 0.0328125 0.028125
10 0.5234375 0.5171875 0.034375 0.03125
21 0.521875 0.4875 0.0421875 0.028125
26 0.525 0.453125 0.0375 0.03125
19 0.525 0.421875 0.040625 0.028125
10 0.5578125 0.584375 0.0453125 0.0328125
15 0.565625 0.5515625 0.04375 0.0328125
25 0.5609375 0.5171875 0.0453125 0.034375
26 0.559375 0.4859375 0.0453125 0.034375
32 0.5578125 0.45 0.0484375 0.0359375
29 0.3875 0.690625 0.0234375 0.0375
27 0.409375 0.6921875 0.0234375 0.034375
8 0.3890625 0.6515625 0.025 0.0359375
17 0.4046875 0.6546875 0.025 0.0375
23 0.425 0.6578125 0.025 0.0375
21 0.4484375 0.659375 0.015625 0.0375
10 0.4671875 0.6625 0.0265625 0.040625
27 0.49375 0.6640625 0.0234375 0.0375
7 0.4921875 0.6203125 0.0234375 0.04375
12 0.46875 0.6203125 0.01875 0.0390625
7 0.4484375 0.6203125 0.0203125 0.0390625
23 0.428125 0.6171875 0.025 0.0390625
28 0.409375 0.6140625 0.0234375 0.040625
23 0.3859375 0.6109375 0.0203125 0.034375
11 0.25625 0.7796875 0.025 0.0265625
5 0.253125 0.75625 0.028125 0.0296875
8 0.25625 0.7234375 0.028125 0.0359375
16 0.2578125 0.696875 0.03125 0.0265625
13 0.2546875 0.6703125 0.03125 0.028125
19 0.2578125 0.6421875 0.03125 0.034375
16 0.4953125 0.378125 0.0328125 0.04375
15 0.4921875 0.33125 0.021875 0.05625
20 0.4703125 0.38125 0.0234375 0.040625
27 0.46875 0.3375 0.0234375 0.05
2 0.4484375 0.384375 0.021875 0.040625
24 0.428125 0.3859375 0.01875 0.040625
4 0.4265625 0.34375 0.0203125 0.0390625
4 0.3875 0.3484375 0.0203125 0.0359375
27 0.4109375 0.3453125 0.0203125 0.0359375
11 0.409375 0.384375 0.021875 0.040625
26 0.390625 0.3890625 0.025 0.040625
2 0.3390625 0.5671875 0.028125 0.0296875
2 0.36875 0.56875 0.0328125 0.028125
29 0.340625 0.5390625 0.025 0.0296875
4 0.3671875 0.5390625 0.0359375 0.0265625
7 0.3421875 0.5125 0.025 0.028125
9 0.3703125 0.5125 0.034375 0.028125
5 0.340625 0.4859375 0.03125 0.028125
17 0.365625 0.484375 0.0328125 0.0328125
14 0.31875 0.45625 0.028125 0.0265625
16 0.3171875 0.4296875 0.0265625 0.025
8 0.340625 0.4578125 0.0296875 0.0234375
11 0.340625 0.4265625 0.0265625 0.028125
28 0.3671875 0.45625 0.0296875 0.028125
32 0.3671875 0.428125 0.0296875 0.028125
6 0.403125 0.1515625 0.034375 0.0375
21 0.3796875 0.1625 0.0203125 0.0421875
24 0.3609375 0.1703125 0.01875 0.040625
31 0.340625 0.171875 0.0171875 0.0265625
31 0.325 0.18125 0.0140625 0.040625
31 0.30625 0.184375 0.015625 0.0359375
30 0.2890625 0.1859375 0.01875 0.0203125
30 0.271875 0.19375 0.01875 0.0421875
30 0.25625 0.2015625 0.0125 0.040625