0 0.7265625 0.034375 0.0390625 0.0265625
20 0.74375 0.221875 0.0203125 0.0265625
17 0.7453125 0.2453125 0.0203125 0.0265625
14 0.7453125 0.275 0.0125 0.0328125
9 0.6578125 0.4578125 0.0234375 0.025
1 0.65625 0.4859375 0.0234375 0.0265625
5 0.6578125 0.5140625 0.0234375 0.025
7 0.6578125 0.5390625 0.0234375 0.0265625
33 0.6578125 0.5671875 0.021875 0.0234375
33 0.634375 0.45625 0.021875 0.0234375
33 0.6359375 0.4859375 0.021875 0.025
29 0.634375 0.4296875 0.021875 0.0234375
26 0.6359375 0.5140625 0.0234375 0.0265625
32 0.634375 0.540625 0.021875 0.0265625
30 0.634375 0.56875 0.021875 0.025
1 0.6125 0.3875 0.0203125 0.0359375
0 0.6125 0.3484375 0.01875 0.0375
25 0.59375 0.3453125 0.0203125 0.0359375
5 0.5734375 0.3421875 0.0203125 0.040625
28 0.553125 0.340625 0.0203125 0.0375
17 0.5921875 0.3859375 0.0203125 0.0359375
17 0.571875 0.3828125 0.0203125 0.0375
25 0.5515625 0.3828125 0.0203125 0.034375
27 0.53125 0.378125 0.0203125 0.0390625
18 0.509375 0.3765625 0.0203125 0.040625
27 0.475 0.4171875 0.028125 0.0265625
30 0.475 0.4484375 0.028125 0.0296875
31 0.4765625 0.4796875 0.028125 0.028125
29 0.475 0.5125 0.0296875 0.0296875
13 0.475 0.54375 0.028125 0.03125
6 0.475 0.5765625 0.028125 0.0296875
7 0.44375 0.415625 0.0296875 0.0296875
0 0.44375 0.446875 0.028125 0.0296875
18 0.25 0.1453125 0.06875 0.0453125
21 0.253125 0.1921875 0.06875 0.0453125
21 0.253125 0.290625 0.0671875 0.0484375
24 0.253125 0.3390625 0.0703125 0.05
2 0.253125 0.3890625 0.071875 0.046875
8 0.253125 0.4359375 0.0703125 0.046875
14 0.253125 0.4859375 0.06875 0.046875
14 0.253125 0.5328125 0.06875 0.0484375
14 0.253125 0.584375 0.06875 0.046875
20 0.253125 0.6328125 0.0703125 0.046875
23 0.253125 0.6828125 0.06875 0.0453125
26 0.253125 0.7296875 0.06875 0.046875
2 0.253125 0.7953125 0.06875 0.0484375
10 0.6109375 0.609375 0.0171875 0.034375
11 0.5921875 0.6109375 0.0203125 0.034375
8 0.571875 0.6125 0.01875 0.0359375
9 0.5515625 0.615625 0.0203125 0.0359375
4 0.5296875 0.6171875 0.0203125 0.040625
28 0.509375 0.6203125 0.021875 0.0421875
18 0.571875 0.653125 0.0203125 0.0390625
26 0.5515625 0.6578125 0.01875 0.0390625
7 0.5296875 0.659375 0.0203125 0.0375
12 0.509375 0.6625 0.01875 0.0390625
13 0.596875 0.8484375 0.0265625 0.03125
16 0.61875 0.8375 0.0171875 0.0375
19 0.6375 0.83125 0.015625 0.0390625
24 0.6546875 0.825 0.015625 0.0390625
24 0.6734375 0.825 0.0203125 0.0296875
24 0.6921875 0.8140625 0.015625 0.0328125
32 0.7078125 0.8078125 0.0140625 0.0328125
32 0.725 0.8078125 0.01875 0.025
32 0.7421875 0.7984375 0.0125 0.034375
21 0.253125 0.2421875 0.06875 0.046875