21 0.478125 0.9046875 0.134375 0.1421875
6 0.4734375 0.7390625 0.121875 0.1453125
19 0.471875 0.578125 0.125 0.14375
4 0.471875 0.4203125 0.128125 0.1359375
0 0.6265625 0.9125 0.15625 0.1453125
28 0.63125 0.7421875 0.159375 0.153125
29 0.63125 0.578125 0.165625 0.159375
33 0.6328125 0.4140625 0.1734375 0.1515625
31 0.634375 0.240625 0.175 0.1609375
24 0.634375 0.0765625 0.1703125 0.153125
19 0.471875 0.25625 0.13125 0.1484375
3 0.471875 0.0921875 0.121875 0.15
6 0.3359375 0.30625 0.1234375 0.1375
21 0.340625 0.1234375 0.1046875 0.1890625