9 0.4953125 0.040625 0.1078125 0.0765625
15 0.49375 0.1171875 0.10625 0.071875
24 0.4953125 0.19375 0.10625 0.0734375
1 0.49375 0.2703125 0.10625 0.0765625
7 0.496875 0.3484375 0.1078125 0.06875
10 0.4953125 0.4234375 0.1046875 0.071875
13 0.4953125 0.5015625 0.1046875 0.075
19 0.49375 0.578125 0.103125 0.0703125
5 0.49375 0.653125 0.1046875 0.075
8 0.49375 0.73125 0.1046875 0.0671875
20 0.4953125 0.80625 0.109375 0.071875
32 0.49375 0.8828125 0.10625 0.075
28 0.4953125 0.9609375 0.1078125 0.0734375