9 0.040625 0.5046875 0.0765625 0.1078125
15 0.1171875 0.50625 0.071875 0.10625
24 0.19375 0.5046875 0.0734375 0.10625
1 0.2703125 0.50625 0.0765625 0.10625
7 0.3484375 0.503125 0.06875 0.1078125
10 0.4234375 0.5046875 0.071875 0.1046875
13 0.5015625 0.5046875 0.075 0.1046875
19 0.578125 0.50625 0.0703125 0.103125
5 0.653125 0.50625 0.075 0.1046875
8 0.73125 0.50625 0.0671875 0.1046875
20 0.80625 0.5046875 0.071875 0.109375
32 0.8828125 0.50625 0.075 0.10625
28 0.9609375 0.5046875 0.0734375 0.1078125