9 0.959375 0.4953125 0.0765625 0.1078125
15 0.8828125 0.49375 0.071875 0.10625
24 0.80625 0.4953125 0.0734375 0.10625
1 0.7296875 0.49375 0.0765625 0.10625
7 0.6515625 0.496875 0.06875 0.1078125
10 0.5765625 0.4953125 0.071875 0.1046875
13 0.4984375 0.4953125 0.075 0.1046875
19 0.421875 0.49375 0.0703125 0.103125
5 0.346875 0.49375 0.075 0.1046875
8 0.26875 0.49375 0.0671875 0.1046875
20 0.19375 0.4953125 0.071875 0.109375
32 0.1171875 0.49375 0.075 0.10625
28 0.0390625 0.4953125 0.0734375 0.1078125