0 0.034375 0.2734375 0.0265625 0.0390625
20 0.221875 0.25625 0.0265625 0.0203125
17 0.2453125 0.2546875 0.0265625 0.0203125
14 0.275 0.2546875 0.0328125 0.0125
9 0.4578125 0.3421875 0.025 0.0234375
1 0.4859375 0.34375 0.0265625 0.0234375
5 0.5140625 0.3421875 0.025 0.0234375
7 0.5390625 0.3421875 0.0265625 0.0234375
33 0.5671875 0.3421875 0.0234375 0.021875
33 0.45625 0.365625 0.0234375 0.021875
33 0.4859375 0.3640625 0.025 0.021875
29 0.4296875 0.365625 0.0234375 0.021875
26 0.5140625 0.3640625 0.0265625 0.0234375
32 0.540625 0.365625 0.0265625 0.021875
30 0.56875 0.365625 0.025 0.021875
1 0.3875 0.3875 0.0359375 0.0203125
0 0.3484375 0.3875 0.0375 0.01875
25 0.3453125 0.40625 0.0359375 0.0203125
5 0.3421875 0.4265625 0.040625 0.0203125
28 0.340625 0.446875 0.0375 0.0203125
17 0.3859375 0.4078125 0.0359375 0.0203125
17 0.3828125 0.428125 0.0375 0.0203125
25 0.3828125 0.4484375 0.034375 0.0203125
27 0.378125 0.46875 0.0390625 0.0203125
18 0.3765625 0.490625 0.040625 0.0203125
27 0.4171875 0.525 0.0265625 0.028125
30 0.4484375 0.525 0.0296875 0.028125
31 0.4796875 0.5234375 0.028125 0.028125
29 0.5125 0.525 0.0296875 0.0296875
13 0.54375 0.525 0.03125 0.028125
6 0.5765625 0.525 0.0296875 0.028125
7 0.415625 0.55625 0.0296875 0.0296875
0 0.446875 0.55625 0.0296875 0.028125
18 0.1453125 0.75 0.0453125 0.06875
21 0.1921875 0.746875 0.0453125 0.06875
21 0.290625 0.746875 0.0484375 0.0671875
24 0.3390625 0.746875 0.05 0.0703125
2 0.3890625 0.746875 0.046875 0.071875
8 0.4359375 0.746875 0.046875 0.0703125
14 0.4859375 0.746875 0.046875 0.06875
14 0.5328125 0.746875 0.0484375 0.06875
14 0.584375 0.746875 0.046875 0.06875
20 0.6328125 0.746875 0.046875 0.0703125
23 0.6828125 0.746875 0.0453125 0.06875
26 0.7296875 0.746875 0.046875 0.06875
2 0.7953125 0.746875 0.0484375 0.06875
10 0.609375 0.3890625 0.034375 0.0171875
11 0.6109375 0.4078125 0.034375 0.0203125
8 0.6125 0.428125 0.0359375 0.01875
9 0.615625 0.4484375 0.0359375 0.0203125
4 0.6171875 0.4703125 0.040625 0.0203125
28 0.6203125 0.490625 0.0421875 0.021875
18 0.653125 0.428125 0.0390625 0.0203125
26 0.6578125 0.4484375 0.0390625 0.01875
7 0.659375 0.4703125 0.0375 0.0203125
12 0.6625 0.490625 0.0390625 0.01875
13 0.8484375 0.403125 0.03125 0.0265625
16 0.8375 0.38125 0.0375 0.0171875
19 0.83125 0.3625 0.0390625 0.015625
24 0.825 0.3453125 0.0390625 0.015625
24 0.825 0.3265625 0.0296875 0.0203125
24 0.8140625 0.3078125 0.0328125 0.015625
32 0.8078125 0.2921875 0.0328125 0.0140625
32 0.8078125 0.275 0.025 0.01875
32 0.7984375 0.2578125 0.034375 0.0125
21 0.2421875 0.746875 0.046875 0.06875