21 0.9046875 0.521875 0.1421875 0.134375
6 0.7390625 0.5265625 0.1453125 0.121875
19 0.578125 0.528125 0.14375 0.125
4 0.4203125 0.528125 0.1359375 0.128125
0 0.9125 0.3734375 0.1453125 0.15625
28 0.7421875 0.36875 0.153125 0.159375
29 0.578125 0.36875 0.159375 0.165625
33 0.4140625 0.3671875 0.1515625 0.1734375
31 0.240625 0.365625 0.1609375 0.175
24 0.0765625 0.365625 0.153125 0.1703125
19 0.25625 0.528125 0.1484375 0.13125
3 0.0921875 0.528125 0.15 0.121875
6 0.30625 0.6640625 0.1375 0.1234375
21 0.1234375 0.659375 0.1890625 0.1046875