31 0.2734375 0.9640625 0.0390625 0.0296875
31 0.2546875 0.7765625 0.0296875 0.0359375
31 0.2609375 0.746875 0.0328125 0.025
31 0.25625 0.7171875 0.0328125 0.0328125
8 0.3859375 0.653125 0.0328125 0.046875
2 0.40625 0.6515625 0.0234375 0.0390625
26 0.425 0.6578125 0.028125 0.0453125
2 0.4515625 0.659375 0.028125 0.0453125
1 0.3890625 0.6125 0.0234375 0.0421875
27 0.4078125 0.615625 0.021875 0.040625
11 0.4265625 0.615625 0.0203125 0.0390625
25 0.4453125 0.61875 0.0234375 0.0421875
32 0.46875 0.621875 0.028125 0.0421875
22 0.4921875 0.625 0.028125 0.0390625
15 0.7453125 0.85625 0.078125 0.040625
18 0.74375 0.809375 0.0890625 0.0484375
10 0.7421875 0.7578125 0.084375 0.05
13 0.74375 0.7078125 0.08125 0.046875
16 0.7453125 0.6609375 0.0859375 0.04375
8 0.7421875 0.6109375 0.0828125 0.05
8 0.74375 0.5609375 0.075 0.046875
11 0.74375 0.5140625 0.084375 0.05
14 0.7390625 0.4671875 0.0859375 0.0578125
17 0.7421875 0.415625 0.08125 0.0484375
28 0.74375 0.36875 0.08125 0.0484375
28 0.74375 0.315625 0.08125 0.0484375
28 0.740625 0.26875 0.0796875 0.0546875
12 0.7453125 0.2046875 0.0796875 0.0640625
1 0.5234375 0.5828125 0.0375 0.03125
3 0.525 0.55 0.0390625 0.0328125
15 0.5296875 0.5203125 0.0515625 0.03125
16 0.5265625 0.4890625 0.040625 0.03125
4 0.525 0.4578125 0.0421875 0.03125
5 0.525 0.4171875 0.034375 0.0453125
0 0.559375 0.5859375 0.0359375 0.0359375
5 0.36875 0.5703125 0.0375 0.0296875
2 0.3640625 0.5421875 0.0328125 0.0265625
5 0.3703125 0.5140625 0.034375 0.0296875
0 0.3671875 0.4859375 0.034375 0.0265625
26 0.36875 0.4578125 0.0359375 0.025
32 0.36875 0.4296875 0.0296875 0.0328125
28 0.34375 0.5140625 0.03125 0.03125
4 0.3390625 0.484375 0.0265625 0.03125
0 0.3421875 0.45625 0.0265625 0.0265625
24 0.3421875 0.428125 0.0328125 0.028125
27 0.3890625 0.3859375 0.025 0.040625
32 0.4078125 0.3859375 0.0203125 0.0375
25 0.428125 0.384375 0.015625 0.0390625
6 0.4484375 0.38125 0.01875 0.0375
24 0.4703125 0.38125 0.0203125 0.0375
26 0.4921875 0.3828125 0.0234375 0.0390625
15 0.446875 0.340625 0.0203125 0.0453125
3 0.4703125 0.340625 0.025 0.0453125
27 0.4953125 0.3375 0.03125 0.0359375
29 0.25625 0.2015625 0.01875 0.0484375
29 0.275 0.196875 0.0109375 0.0375
29 0.2875 0.1859375 0.021875 0.0328125
19 0.30625 0.1859375 0.0171875 0.04375
16 0.3234375 0.184375 0.01875 0.05
22 0.346875 0.171875 0.0359375 0.0359375