31 0.0359375 0.2734375 0.0296875 0.0390625
31 0.2234375 0.2546875 0.0359375 0.0296875
31 0.253125 0.2609375 0.025 0.0328125
31 0.2828125 0.25625 0.0328125 0.0328125
8 0.346875 0.3859375 0.046875 0.0328125
2 0.3484375 0.40625 0.0390625 0.0234375
26 0.3421875 0.425 0.0453125 0.028125
2 0.340625 0.4515625 0.0453125 0.028125
1 0.3875 0.3890625 0.0421875 0.0234375
27 0.384375 0.4078125 0.040625 0.021875
11 0.384375 0.4265625 0.0390625 0.0203125
25 0.38125 0.4453125 0.0421875 0.0234375
32 0.378125 0.46875 0.0421875 0.028125
22 0.375 0.4921875 0.0390625 0.028125
15 0.14375 0.7453125 0.040625 0.078125
18 0.190625 0.74375 0.0484375 0.0890625
10 0.2421875 0.7421875 0.05 0.084375
13 0.2921875 0.74375 0.046875 0.08125
16 0.3390625 0.7453125 0.04375 0.0859375
8 0.3890625 0.7421875 0.05 0.0828125
8 0.4390625 0.74375 0.046875 0.075
11 0.4859375 0.74375 0.05 0.084375
14 0.5328125 0.7390625 0.0578125 0.0859375
17 0.584375 0.7421875 0.0484375 0.08125
28 0.63125 0.74375 0.0484375 0.08125
28 0.684375 0.74375 0.0484375 0.08125
28 0.73125 0.740625 0.0546875 0.0796875
12 0.7953125 0.7453125 0.0640625 0.0796875
1 0.4171875 0.5234375 0.03125 0.0375
3 0.45 0.525 0.0328125 0.0390625
15 0.4796875 0.5296875 0.03125 0.0515625
16 0.5109375 0.5265625 0.03125 0.040625
4 0.5421875 0.525 0.03125 0.0421875
5 0.5828125 0.525 0.0453125 0.034375
0 0.4140625 0.559375 0.0359375 0.0359375
5 0.4296875 0.36875 0.0296875 0.0375
2 0.4578125 0.3640625 0.0265625 0.0328125
5 0.4859375 0.3703125 0.0296875 0.034375
0 0.5140625 0.3671875 0.0265625 0.034375
26 0.5421875 0.36875 0.025 0.0359375
32 0.5703125 0.36875 0.0328125 0.0296875
28 0.4859375 0.34375 0.03125 0.03125
4 0.515625 0.3390625 0.03125 0.0265625
0 0.54375 0.3421875 0.0265625 0.0265625
24 0.571875 0.3421875 0.028125 0.0328125
27 0.6140625 0.3890625 0.040625 0.025
32 0.6140625 0.4078125 0.0375 0.0203125
25 0.615625 0.428125 0.0390625 0.015625
6 0.61875 0.4484375 0.0375 0.01875
24 0.61875 0.4703125 0.0375 0.0203125
26 0.6171875 0.4921875 0.0390625 0.0234375
15 0.659375 0.446875 0.0453125 0.0203125
3 0.659375 0.4703125 0.0453125 0.025
27 0.6625 0.4953125 0.0359375 0.03125
29 0.7984375 0.25625 0.0484375 0.01875
29 0.803125 0.275 0.0375 0.0109375
29 0.8140625 0.2875 0.0328125 0.021875
19 0.8140625 0.30625 0.04375 0.0171875
16 0.815625 0.3234375 0.05 0.01875
22 0.828125 0.346875 0.0359375 0.0359375