12 0.034375 0.271875 0.0296875 0.04375
20 0.309375 0.390625 0.0375 0.021875
27 0.35 0.3890625 0.0375 0.01875
20 0.3453125 0.4078125 0.0375 0.01875
1 0.3421875 0.425 0.0390625 0.0171875
26 0.340625 0.446875 0.0375 0.01875
9 0.3375 0.46875 0.0421875 0.0203125
20 0.3328125 0.4921875 0.0421875 0.0234375
30 0.3875 0.3859375 0.0390625 0.021875
30 0.3828125 0.4078125 0.034375 0.01875
29 0.3828125 0.4265625 0.040625 0.021875
1 0.378125 0.446875 0.0390625 0.01875
25 0.3796875 0.46875 0.040625 0.021875
25 0.375 0.490625 0.04375 0.0203125
4 0.0828125 0.6390625 0.0453125 0.034375
7 0.0765625 0.6734375 0.053125 0.028125
10 0.0671875 0.703125 0.053125 0.0265625
6 0.14375 0.7453125 0.0484375 0.075
12 0.19375 0.74375 0.046875 0.075
4 0.24375 0.74375 0.0453125 0.075
13 0.290625 0.74375 0.046875 0.075
16 0.340625 0.74375 0.05 0.0765625
19 0.3890625 0.74375 0.05 0.078125
22 0.4375 0.7421875 0.0453125 0.078125
0 0.5015625 0.74375 0.046875 0.0765625
31 0.415625 0.525 0.03125 0.0328125
29 0.4140625 0.5578125 0.0328125 0.0328125
5 0.4125 0.5921875 0.0328125 0.034375
5 0.446875 0.590625 0.03125 0.0328125
0 0.4484375 0.525 0.028125 0.028125
2 0.446875 0.5578125 0.03125 0.03125
9 0.48125 0.525 0.028125 0.03125
14 0.4796875 0.55625 0.03125 0.034375
7 0.4796875 0.590625 0.0296875 0.03125
26 0.5125 0.525 0.03125 0.03125
28 0.5109375 0.5578125 0.03125 0.03125
29 0.5453125 0.5234375 0.03125 0.03125
29 0.5765625 0.5234375 0.03125 0.03125
26 0.5453125 0.5578125 0.0328125 0.034375
23 0.578125 0.5578125 0.03125 0.0296875
15 0.425 0.3421875 0.0265625 0.021875
30 0.4296875 0.365625 0.0265625 0.025
11 0.453125 0.3421875 0.0265625 0.0234375
17 0.459375 0.3671875 0.0265625 0.0265625
20 0.4796875 0.340625 0.025 0.0234375
30 0.4875 0.365625 0.025 0.0234375
26 0.50625 0.3421875 0.025 0.025
31 0.5125 0.365625 0.028125 0.0265625
6 0.5375 0.3421875 0.0359375 0.01875
8 0.5421875 0.365625 0.0265625 0.028125
3 0.5671875 0.31875 0.025 0.021875
27 0.56875 0.34375 0.0265625 0.021875
0 0.5703125 0.3671875 0.025 0.0234375
28 0.609375 0.3890625 0.0375 0.0171875
17 0.6109375 0.4078125 0.0375 0.01875
32 0.6140625 0.4296875 0.0390625 0.01875
1 0.615625 0.4484375 0.0421875 0.0203125
33 0.61875 0.4703125 0.0421875 0.0203125
2 0.6203125 0.4921875 0.0421875 0.0203125
21 0.7171875 0.74375 0.0546875 0.03125
18 0.7625 0.7390625 0.040625 0.04375
24 0.7984375 0.7375 0.0390625 0.040625
33 0.8359375 0.7390625 0.040625 0.04375
33 0.88125 0.7421875 0.053125 0.0265625
33 0.921875 0.7375 0.0375 0.0390625
11 0.646875 0.38125 0.0390625 0.01875
15 0.6484375 0.40625 0.03125 0.025
3 0.6546875 0.4296875 0.0390625 0.0203125
17 0.6578125 0.4484375 0.0421875 0.021875
23 0.6578125 0.4703125 0.0421875 0.01875
28 0.6625 0.4921875 0.040625 0.021875
23 0.6984375 0.4484375 0.0421875 0.021875
14 0.7 0.4703125 0.0421875 0.021875
7 0.703125 0.4921875 0.0421875 0.0203125