12 0.271875 0.965625 0.04375 0.0296875
20 0.390625 0.690625 0.021875 0.0375
27 0.3890625 0.65 0.01875 0.0375
20 0.4078125 0.6546875 0.01875 0.0375
1 0.425 0.6578125 0.0171875 0.0390625
26 0.446875 0.659375 0.01875 0.0375
9 0.46875 0.6625 0.0203125 0.0421875
20 0.4921875 0.6671875 0.0234375 0.0421875
30 0.3859375 0.6125 0.021875 0.0390625
30 0.4078125 0.6171875 0.01875 0.034375
29 0.4265625 0.6171875 0.021875 0.040625
1 0.446875 0.621875 0.01875 0.0390625
25 0.46875 0.6203125 0.021875 0.040625
25 0.490625 0.625 0.0203125 0.04375
4 0.6390625 0.9171875 0.034375 0.0453125
7 0.6734375 0.9234375 0.028125 0.053125
10 0.703125 0.9328125 0.0265625 0.053125
6 0.7453125 0.85625 0.075 0.0484375
12 0.74375 0.80625 0.075 0.046875
4 0.74375 0.75625 0.075 0.0453125
13 0.74375 0.709375 0.075 0.046875
16 0.74375 0.659375 0.0765625 0.05
19 0.74375 0.6109375 0.078125 0.05
22 0.7421875 0.5625 0.078125 0.0453125
0 0.74375 0.4984375 0.0765625 0.046875
31 0.525 0.584375 0.0328125 0.03125
29 0.5578125 0.5859375 0.0328125 0.0328125
5 0.5921875 0.5875 0.034375 0.0328125
5 0.590625 0.553125 0.0328125 0.03125
0 0.525 0.5515625 0.028125 0.028125
2 0.5578125 0.553125 0.03125 0.03125
9 0.525 0.51875 0.03125 0.028125
14 0.55625 0.5203125 0.034375 0.03125
7 0.590625 0.5203125 0.03125 0.0296875
26 0.525 0.4875 0.03125 0.03125
28 0.5578125 0.4890625 0.03125 0.03125
29 0.5234375 0.4546875 0.03125 0.03125
29 0.5234375 0.4234375 0.03125 0.03125
26 0.5578125 0.4546875 0.034375 0.0328125
23 0.5578125 0.421875 0.0296875 0.03125
15 0.3421875 0.575 0.021875 0.0265625
30 0.365625 0.5703125 0.025 0.0265625
11 0.3421875 0.546875 0.0234375 0.0265625
17 0.3671875 0.540625 0.0265625 0.0265625
20 0.340625 0.5203125 0.0234375 0.025
30 0.365625 0.5125 0.0234375 0.025
26 0.3421875 0.49375 0.025 0.025
31 0.365625 0.4875 0.0265625 0.028125
6 0.3421875 0.4625 0.01875 0.0359375
8 0.365625 0.4578125 0.028125 0.0265625
3 0.31875 0.4328125 0.021875 0.025
27 0.34375 0.43125 0.021875 0.0265625
0 0.3671875 0.4296875 0.0234375 0.025
28 0.3890625 0.390625 0.0171875 0.0375
17 0.4078125 0.3890625 0.01875 0.0375
32 0.4296875 0.3859375 0.01875 0.0390625
1 0.4484375 0.384375 0.0203125 0.0421875
33 0.4703125 0.38125 0.0203125 0.0421875
2 0.4921875 0.3796875 0.0203125 0.0421875
21 0.74375 0.2828125 0.03125 0.0546875
18 0.7390625 0.2375 0.04375 0.040625
24 0.7375 0.2015625 0.040625 0.0390625
33 0.7390625 0.1640625 0.04375 0.040625
33 0.7421875 0.11875 0.0265625 0.053125
33 0.7375 0.078125 0.0390625 0.0375
11 0.38125 0.353125 0.01875 0.0390625
15 0.40625 0.3515625 0.025 0.03125
3 0.4296875 0.3453125 0.0203125 0.0390625
17 0.4484375 0.3421875 0.021875 0.0421875
23 0.4703125 0.3421875 0.01875 0.0421875
28 0.4921875 0.3375 0.021875 0.040625
23 0.4484375 0.3015625 0.021875 0.0421875
14 0.4703125 0.3 0.021875 0.0421875
7 0.4921875 0.296875 0.0203125 0.0421875