33 0.034375 0.2734375 0.025 0.0421875
30 0.1078125 0.5515625 0.040625 0.0296875
30 0.103125 0.58125 0.0484375 0.0265625
30 0.096875 0.6078125 0.0484375 0.0234375
12 0.0796875 0.6390625 0.040625 0.034375
9 0.075 0.671875 0.05 0.028125
15 0.065625 0.703125 0.053125 0.028125
3 0.14375 0.74375 0.0484375 0.078125
3 0.1921875 0.7421875 0.05 0.078125
6 0.2421875 0.74375 0.0484375 0.0765625
9 0.290625 0.74375 0.046875 0.078125
12 0.340625 0.7421875 0.0453125 0.078125
1 0.3890625 0.7421875 0.046875 0.08125
7 0.4375 0.7421875 0.046875 0.0796875
10 0.4859375 0.7421875 0.0484375 0.0796875
16 0.5359375 0.74375 0.0484375 0.0796875
16 0.584375 0.74375 0.0484375 0.078125
19 0.6328125 0.74375 0.0484375 0.0796875
22 0.68125 0.74375 0.0484375 0.0796875
25 0.73125 0.7421875 0.0484375 0.078125
15 0.7953125 0.74375 0.05 0.0796875
29 0.2203125 0.25625 0.0265625 0.01875
29 0.25 0.2546875 0.0328125 0.015625
29 0.278125 0.2578125 0.0234375 0.01875
21 0.3015625 0.25625 0.025 0.0203125
21 0.3328125 0.2546875 0.03125 0.0125
21 0.359375 0.25625 0.0234375 0.0203125
14 0.3484375 0.3875 0.0390625 0.01875
26 0.3453125 0.4078125 0.040625 0.01875
17 0.3421875 0.428125 0.0375 0.0203125
31 0.3875 0.3875 0.0390625 0.01875
1 0.3875 0.4078125 0.0390625 0.0171875
4 0.3828125 0.4265625 0.0390625 0.021875
31 0.38125 0.446875 0.040625 0.0203125
10 0.378125 0.46875 0.0421875 0.0203125
16 0.3765625 0.490625 0.0421875 0.021875
31 0.4171875 0.5234375 0.0328125 0.028125
8 0.45 0.5234375 0.03125 0.0296875
32 0.48125 0.5234375 0.0265625 0.0265625
27 0.5109375 0.525 0.03125 0.0296875
20 0.54375 0.5234375 0.0296875 0.028125
0 0.5765625 0.5234375 0.0328125 0.028125
0 0.6203125 0.4921875 0.040625 0.021875
0 0.61875 0.4703125 0.0390625 0.021875
19 0.6625 0.4890625 0.03125 0.028125
24 0.615625 0.4484375 0.0390625 0.0203125
28 0.615625 0.428125 0.0375 0.0171875
19 0.6125 0.409375 0.040625 0.0171875
12 0.6109375 0.3890625 0.040625 0.01875
26 0.56875 0.3421875 0.0265625 0.021875
2 0.56875 0.365625 0.0265625 0.0234375
17 0.5421875 0.365625 0.0265625 0.0234375
3 0.5140625 0.365625 0.0265625 0.0234375
24 0.4859375 0.365625 0.025 0.021875
17 0.4578125 0.365625 0.025 0.0234375
23 0.428125 0.365625 0.0265625 0.0234375