33 0.2734375 0.965625 0.0421875 0.025
30 0.5515625 0.8921875 0.0296875 0.040625
30 0.58125 0.896875 0.0265625 0.0484375
30 0.6078125 0.903125 0.0234375 0.0484375
12 0.6390625 0.9203125 0.034375 0.040625
9 0.671875 0.925 0.028125 0.05
15 0.703125 0.934375 0.028125 0.053125
3 0.74375 0.85625 0.078125 0.0484375
3 0.7421875 0.8078125 0.078125 0.05
6 0.74375 0.7578125 0.0765625 0.0484375
9 0.74375 0.709375 0.078125 0.046875
12 0.7421875 0.659375 0.078125 0.0453125
1 0.7421875 0.6109375 0.08125 0.046875
7 0.7421875 0.5625 0.0796875 0.046875
10 0.7421875 0.5140625 0.0796875 0.0484375
16 0.74375 0.4640625 0.0796875 0.0484375
16 0.74375 0.415625 0.078125 0.0484375
19 0.74375 0.3671875 0.0796875 0.0484375
22 0.74375 0.31875 0.0796875 0.0484375
25 0.7421875 0.26875 0.078125 0.0484375
15 0.74375 0.2046875 0.0796875 0.05
29 0.25625 0.7796875 0.01875 0.0265625
29 0.2546875 0.75 0.015625 0.0328125
29 0.2578125 0.721875 0.01875 0.0234375
21 0.25625 0.6984375 0.0203125 0.025
21 0.2546875 0.6671875 0.0125 0.03125
21 0.25625 0.640625 0.0203125 0.0234375
14 0.3875 0.6515625 0.01875 0.0390625
26 0.4078125 0.6546875 0.01875 0.040625
17 0.428125 0.6578125 0.0203125 0.0375
31 0.3875 0.6125 0.01875 0.0390625
1 0.4078125 0.6125 0.0171875 0.0390625
4 0.4265625 0.6171875 0.021875 0.0390625
31 0.446875 0.61875 0.0203125 0.040625
10 0.46875 0.621875 0.0203125 0.0421875
16 0.490625 0.6234375 0.021875 0.0421875
31 0.5234375 0.5828125 0.028125 0.0328125
8 0.5234375 0.55 0.0296875 0.03125
32 0.5234375 0.51875 0.0265625 0.0265625
27 0.525 0.4890625 0.0296875 0.03125
20 0.5234375 0.45625 0.028125 0.0296875
0 0.5234375 0.4234375 0.028125 0.0328125
0 0.4921875 0.3796875 0.021875 0.040625
0 0.4703125 0.38125 0.021875 0.0390625
19 0.4890625 0.3375 0.028125 0.03125
24 0.4484375 0.384375 0.0203125 0.0390625
28 0.428125 0.384375 0.0171875 0.0375
19 0.409375 0.3875 0.0171875 0.040625
12 0.3890625 0.3890625 0.01875 0.040625
26 0.3421875 0.43125 0.021875 0.0265625
2 0.365625 0.43125 0.0234375 0.0265625
17 0.365625 0.4578125 0.0234375 0.0265625
3 0.365625 0.4859375 0.0234375 0.0265625
24 0.365625 0.5140625 0.021875 0.025
17 0.365625 0.5421875 0.0234375 0.025
23 0.365625 0.571875 0.0234375 0.0265625