12 0.728125 0.034375 0.040625 0.028125
0 0.2578125 0.14375 0.0796875 0.0484375
3 0.2578125 0.19375 0.078125 0.046875
6 0.25625 0.2421875 0.0796875 0.0484375
4 0.2578125 0.290625 0.08125 0.05
7 0.25625 0.340625 0.0765625 0.0484375
10 0.2578125 0.3890625 0.078125 0.0453125
10 0.2578125 0.4375 0.078125 0.046875
10 0.25625 0.4859375 0.08125 0.05
11 0.25625 0.5359375 0.075 0.05
14 0.2578125 0.584375 0.08125 0.0453125
17 0.25625 0.63125 0.0765625 0.05
17 0.25625 0.68125 0.0765625 0.046875
23 0.2578125 0.73125 0.078125 0.0484375
20 0.25625 0.79375 0.075 0.046875
25 0.6109375 0.3859375 0.01875 0.0390625
24 0.5921875 0.3828125 0.0171875 0.0390625
30 0.571875 0.3828125 0.01875 0.0375
1 0.5515625 0.3796875 0.0203125 0.0390625
8 0.5328125 0.3796875 0.0234375 0.040625
8 0.5078125 0.3765625 0.0203125 0.040625
33 0.475 0.4171875 0.0296875 0.03125
22 0.4765625 0.4484375 0.028125 0.028125
27 0.475 0.48125 0.0296875 0.0296875
25 0.475 0.5125 0.028125 0.03125
18 0.475 0.5453125 0.0296875 0.03125
26 0.5078125 0.6203125 0.0203125 0.040625
0 0.5296875 0.61875 0.01875 0.040625
0 0.590625 0.6140625 0.0203125 0.0390625
3 0.5515625 0.6171875 0.0203125 0.0390625
6 0.571875 0.6125 0.01875 0.0390625
1 0.6328125 0.5703125 0.0234375 0.0296875
32 0.6359375 0.5421875 0.0203125 0.025
25 0.634375 0.515625 0.0203125 0.025
27 0.6328125 0.4875 0.0234375 0.028125
3 0.634375 0.459375 0.0234375 0.0265625
30 0.6359375 0.4328125 0.021875 0.0265625
33 0.596875 0.565625 0.0140625 0.025