12 0.034375 0.271875 0.028125 0.040625
0 0.14375 0.7421875 0.0484375 0.0796875
3 0.19375 0.7421875 0.046875 0.078125
6 0.2421875 0.74375 0.0484375 0.0796875
4 0.290625 0.7421875 0.05 0.08125
7 0.340625 0.74375 0.0484375 0.0765625
10 0.3890625 0.7421875 0.0453125 0.078125
10 0.4375 0.7421875 0.046875 0.078125
10 0.4859375 0.74375 0.05 0.08125
11 0.5359375 0.74375 0.05 0.075
14 0.584375 0.7421875 0.0453125 0.08125
17 0.63125 0.74375 0.05 0.0765625
17 0.68125 0.74375 0.046875 0.0765625
23 0.73125 0.7421875 0.0484375 0.078125
20 0.79375 0.74375 0.046875 0.075
25 0.3859375 0.3890625 0.0390625 0.01875
24 0.3828125 0.4078125 0.0390625 0.0171875
30 0.3828125 0.428125 0.0375 0.01875
1 0.3796875 0.4484375 0.0390625 0.0203125
8 0.3796875 0.4671875 0.040625 0.0234375
8 0.3765625 0.4921875 0.040625 0.0203125
33 0.4171875 0.525 0.03125 0.0296875
22 0.4484375 0.5234375 0.028125 0.028125
27 0.48125 0.525 0.0296875 0.0296875
25 0.5125 0.525 0.03125 0.028125
18 0.5453125 0.525 0.03125 0.0296875
26 0.6203125 0.4921875 0.040625 0.0203125
0 0.61875 0.4703125 0.040625 0.01875
0 0.6140625 0.409375 0.0390625 0.0203125
3 0.6171875 0.4484375 0.0390625 0.0203125
6 0.6125 0.428125 0.0390625 0.01875
1 0.5703125 0.3671875 0.0296875 0.0234375
32 0.5421875 0.3640625 0.025 0.0203125
25 0.515625 0.365625 0.025 0.0203125
27 0.4875 0.3671875 0.028125 0.0234375
3 0.459375 0.365625 0.0265625 0.0234375
30 0.4328125 0.3640625 0.0265625 0.021875
33 0.565625 0.403125 0.025 0.0140625