2 0.2734375 0.965625 0.0421875 0.0296875
24 0.271875 0.9375 0.040625 0.028125
6 0.7421875 0.85625 0.078125 0.0484375
6 0.74375 0.80625 0.078125 0.0484375
9 0.7421875 0.7578125 0.0765625 0.0484375
9 0.74375 0.709375 0.078125 0.046875
12 0.7421875 0.6609375 0.078125 0.046875
15 0.74375 0.6109375 0.0765625 0.0484375
18 0.7421875 0.5625 0.0765625 0.046875
5 0.74375 0.5140625 0.0765625 0.0453125
8 0.74375 0.465625 0.078125 0.0453125
11 0.7421875 0.415625 0.0796875 0.046875
26 0.74375 0.3671875 0.0796875 0.046875
26 0.7421875 0.31875 0.0765625 0.046875
26 0.7421875 0.2703125 0.0796875 0.0484375
6 0.7421875 0.20625 0.0796875 0.046875
5 0.3890625 0.6515625 0.0171875 0.0359375
11 0.4078125 0.6546875 0.0171875 0.034375
33 0.4265625 0.65625 0.0203125 0.0390625
6 0.446875 0.659375 0.01875 0.0390625
14 0.46875 0.6625 0.021875 0.040625
17 0.490625 0.665625 0.0203125 0.0390625
25 0.3875 0.6140625 0.0171875 0.0359375
33 0.4078125 0.615625 0.01875 0.0359375
32 0.428125 0.61875 0.0171875 0.0359375
28 0.45 0.61875 0.0203125 0.0390625
31 0.46875 0.6203125 0.021875 0.040625
7 0.490625 0.6234375 0.0203125 0.0390625
25 0.5234375 0.5828125 0.0265625 0.03125
10 0.55625 0.584375 0.028125 0.0296875
24 0.5234375 0.55 0.0296875 0.0296875
1 0.55625 0.5515625 0.028125 0.028125
23 0.55625 0.5203125 0.03125 0.0296875
27 0.525 0.51875 0.028125 0.0296875
28 0.525 0.4875 0.0296875 0.03125
1 0.55625 0.4875 0.0296875 0.0296875
33 0.525 0.4546875 0.0296875 0.0296875
2 0.55625 0.4546875 0.03125 0.03125
31 0.525 0.4234375 0.028125 0.03125
1 0.55625 0.421875 0.0296875 0.03125
29 0.4921875 0.3796875 0.0203125 0.040625
29 0.49375 0.3375 0.021875 0.0421875
27 0.4703125 0.38125 0.021875 0.0421875
23 0.46875 0.3421875 0.0203125 0.040625
15 0.4921875 0.29375 0.021875 0.040625
33 0.45 0.3828125 0.01875 0.0390625
25 0.446875 0.34375 0.01875 0.0375
3 0.428125 0.3859375 0.0171875 0.0375
14 0.428125 0.346875 0.01875 0.040625
24 0.4078125 0.3875 0.0171875 0.04375
15 0.4078125 0.3484375 0.0171875 0.0375
13 0.3890625 0.390625 0.0171875 0.0390625
0 0.390625 0.3515625 0.0203125 0.0359375
29 0.365625 0.4296875 0.021875 0.025
27 0.365625 0.459375 0.021875 0.028125
28 0.365625 0.4859375 0.021875 0.025
3 0.365625 0.5140625 0.021875 0.0265625
3 0.365625 0.5421875 0.0234375 0.0265625
2 0.365625 0.5703125 0.0203125 0.0265625
14 0.3421875 0.56875 0.0234375 0.028125
31 0.340625 0.540625 0.0234375 0.0265625
32 0.3421875 0.5125 0.0203125 0.028125
18 0.3421875 0.4859375 0.021875 0.028125
9 0.340625 0.4578125 0.021875 0.025
8 0.3421875 0.43125 0.025 0.028125
30 0.2921875 0.1921875 0.0140625 0.0359375
30 0.2765625 0.19375 0.015625 0.034375
30 0.259375 0.196875 0.01875 0.028125
30 0.259375 0.2234375 0.015625 0.0234375