2 0.034375 0.2734375 0.0296875 0.0421875
24 0.0625 0.271875 0.028125 0.040625
6 0.14375 0.7421875 0.0484375 0.078125
6 0.19375 0.74375 0.0484375 0.078125
9 0.2421875 0.7421875 0.0484375 0.0765625
9 0.290625 0.74375 0.046875 0.078125
12 0.3390625 0.7421875 0.046875 0.078125
15 0.3890625 0.74375 0.0484375 0.0765625
18 0.4375 0.7421875 0.046875 0.0765625
5 0.4859375 0.74375 0.0453125 0.0765625
8 0.534375 0.74375 0.0453125 0.078125
11 0.584375 0.7421875 0.046875 0.0796875
26 0.6328125 0.74375 0.046875 0.0796875
26 0.68125 0.7421875 0.046875 0.0765625
26 0.7296875 0.7421875 0.0484375 0.0796875
6 0.79375 0.7421875 0.046875 0.0796875
5 0.3484375 0.3890625 0.0359375 0.0171875
11 0.3453125 0.4078125 0.034375 0.0171875
33 0.34375 0.4265625 0.0390625 0.0203125
6 0.340625 0.446875 0.0390625 0.01875
14 0.3375 0.46875 0.040625 0.021875
17 0.334375 0.490625 0.0390625 0.0203125
25 0.3859375 0.3875 0.0359375 0.0171875
33 0.384375 0.4078125 0.0359375 0.01875
32 0.38125 0.428125 0.0359375 0.0171875
28 0.38125 0.45 0.0390625 0.0203125
31 0.3796875 0.46875 0.040625 0.021875
7 0.3765625 0.490625 0.0390625 0.0203125
25 0.4171875 0.5234375 0.03125 0.0265625
10 0.415625 0.55625 0.0296875 0.028125
24 0.45 0.5234375 0.0296875 0.0296875
1 0.4484375 0.55625 0.028125 0.028125
23 0.4796875 0.55625 0.0296875 0.03125
27 0.48125 0.525 0.0296875 0.028125
28 0.5125 0.525 0.03125 0.0296875
1 0.5125 0.55625 0.0296875 0.0296875
33 0.5453125 0.525 0.0296875 0.0296875
2 0.5453125 0.55625 0.03125 0.03125
31 0.5765625 0.525 0.03125 0.028125
1 0.578125 0.55625 0.03125 0.0296875
29 0.6203125 0.4921875 0.040625 0.0203125
29 0.6625 0.49375 0.0421875 0.021875
27 0.61875 0.4703125 0.0421875 0.021875
23 0.6578125 0.46875 0.040625 0.0203125
15 0.70625 0.4921875 0.040625 0.021875
33 0.6171875 0.45 0.0390625 0.01875
25 0.65625 0.446875 0.0375 0.01875
3 0.6140625 0.428125 0.0375 0.0171875
14 0.653125 0.428125 0.040625 0.01875
24 0.6125 0.4078125 0.04375 0.0171875
15 0.6515625 0.4078125 0.0375 0.0171875
13 0.609375 0.3890625 0.0390625 0.0171875
0 0.6484375 0.390625 0.0359375 0.0203125
29 0.5703125 0.365625 0.025 0.021875
27 0.540625 0.365625 0.028125 0.021875
28 0.5140625 0.365625 0.025 0.021875
3 0.4859375 0.365625 0.0265625 0.021875
3 0.4578125 0.365625 0.0265625 0.0234375
2 0.4296875 0.365625 0.0265625 0.0203125
14 0.43125 0.3421875 0.028125 0.0234375
31 0.459375 0.340625 0.0265625 0.0234375
32 0.4875 0.3421875 0.028125 0.0203125
18 0.5140625 0.3421875 0.028125 0.021875
9 0.5421875 0.340625 0.025 0.021875
8 0.56875 0.3421875 0.028125 0.025
30 0.8078125 0.2921875 0.0359375 0.0140625
30 0.80625 0.2765625 0.034375 0.015625
30 0.803125 0.259375 0.028125 0.01875
30 0.7765625 0.259375 0.0234375 0.015625