16 0.034375 0.2734375 0.0265625 0.040625
9 0.3484375 0.390625 0.025 0.0234375
9 0.3421875 0.434375 0.0375 0.0203125
24 0.34375 0.4125 0.0359375 0.0203125
2 0.3375 0.4546875 0.0375 0.0203125
5 0.3859375 0.3890625 0.0359375 0.0171875
4 0.3828125 0.4078125 0.034375 0.0171875
3 0.3828125 0.4265625 0.0390625 0.01875
27 0.38125 0.446875 0.0390625 0.0203125
27 0.378125 0.46875 0.0375 0.01875
29 0.3765625 0.490625 0.0390625 0.0203125
3 0.14375 0.7484375 0.046875 0.0640625
6 0.1921875 0.7484375 0.0484375 0.065625
9 0.2421875 0.746875 0.05 0.0703125
18 0.290625 0.746875 0.0453125 0.0671875
6 0.35625 0.7484375 0.046875 0.06875
33 0.590625 0.7375 0.0375 0.0375
33 0.6359375 0.740625 0.046875 0.028125
33 0.6765625 0.7359375 0.0359375 0.0375
28 0.7203125 0.7421875 0.0484375 0.0296875
28 0.7625 0.7375 0.0390625 0.0375
28 0.8015625 0.7359375 0.0390625 0.0390625
0 0.8359375 0.7359375 0.040625 0.0359375
0 0.8734375 0.7375 0.0375 0.0359375
0 0.91875 0.7421875 0.0515625 0.028125
1 0.4171875 0.525 0.03125 0.0296875
9 0.4140625 0.5578125 0.0328125 0.0328125
15 0.4140625 0.590625 0.0328125 0.0328125
5 0.4484375 0.525 0.0296875 0.0296875
14 0.4484375 0.55625 0.03125 0.03125
30 0.48125 0.525 0.03125 0.028125
15 0.4796875 0.55625 0.03125 0.0296875
6 0.5125 0.525 0.03125 0.0296875
26 0.5109375 0.55625 0.0328125 0.0328125
16 0.5453125 0.5234375 0.028125 0.028125
25 0.54375 0.5578125 0.034375 0.0296875
13 0.5765625 0.525 0.0296875 0.0296875
4 0.5765625 0.5578125 0.034375 0.0296875
31 0.6203125 0.4921875 0.0390625 0.021875
1 0.6625 0.4921875 0.040625 0.0203125
25 0.61875 0.4703125 0.0375 0.0203125
25 0.6578125 0.4703125 0.040625 0.0203125
6 0.615625 0.4484375 0.0390625 0.0203125
20 0.6578125 0.446875 0.0390625 0.01875
22 0.6140625 0.4265625 0.0390625 0.0203125
13 0.6546875 0.428125 0.0390625 0.0171875
26 0.609375 0.409375 0.0375 0.0171875
7 0.65 0.4078125 0.0359375 0.015625
24 0.609375 0.3890625 0.0359375 0.0203125
31 0.6484375 0.3890625 0.034375 0.01875
27 0.43125 0.365625 0.025 0.021875
29 0.4578125 0.34375 0.025 0.021875
5 0.459375 0.365625 0.025 0.0234375
24 0.4859375 0.3421875 0.0234375 0.0234375
31 0.4875 0.365625 0.025 0.0203125
24 0.5125 0.3421875 0.025 0.021875
30 0.5140625 0.3671875 0.025 0.021875
2 0.540625 0.3421875 0.025 0.0203125
8 0.5421875 0.3640625 0.0265625 0.025
29 0.5671875 0.3421875 0.028125 0.0203125
2 0.5703125 0.365625 0.0265625 0.021875