16 0.7265625 0.034375 0.040625 0.0265625
9 0.609375 0.3484375 0.0234375 0.025
9 0.565625 0.3421875 0.0203125 0.0375
24 0.5875 0.34375 0.0203125 0.0359375
2 0.5453125 0.3375 0.0203125 0.0375
5 0.6109375 0.3859375 0.0171875 0.0359375
4 0.5921875 0.3828125 0.0171875 0.034375
3 0.5734375 0.3828125 0.01875 0.0390625
27 0.553125 0.38125 0.0203125 0.0390625
27 0.53125 0.378125 0.01875 0.0375
29 0.509375 0.3765625 0.0203125 0.0390625
3 0.2515625 0.14375 0.0640625 0.046875
6 0.2515625 0.1921875 0.065625 0.0484375
9 0.253125 0.2421875 0.0703125 0.05
18 0.253125 0.290625 0.0671875 0.0453125
6 0.2515625 0.35625 0.06875 0.046875
33 0.2625 0.590625 0.0375 0.0375
33 0.259375 0.6359375 0.028125 0.046875
33 0.2640625 0.6765625 0.0375 0.0359375
28 0.2578125 0.7203125 0.0296875 0.0484375
28 0.2625 0.7625 0.0375 0.0390625
28 0.2640625 0.8015625 0.0390625 0.0390625
0 0.2640625 0.8359375 0.0359375 0.040625
0 0.2625 0.8734375 0.0359375 0.0375
0 0.2578125 0.91875 0.028125 0.0515625
1 0.475 0.4171875 0.0296875 0.03125
9 0.4421875 0.4140625 0.0328125 0.0328125
15 0.409375 0.4140625 0.0328125 0.0328125
5 0.475 0.4484375 0.0296875 0.0296875
14 0.44375 0.4484375 0.03125 0.03125
30 0.475 0.48125 0.028125 0.03125
15 0.44375 0.4796875 0.0296875 0.03125
6 0.475 0.5125 0.0296875 0.03125
26 0.44375 0.5109375 0.0328125 0.0328125
16 0.4765625 0.5453125 0.028125 0.028125
25 0.4421875 0.54375 0.0296875 0.034375
13 0.475 0.5765625 0.0296875 0.0296875
4 0.4421875 0.5765625 0.0296875 0.034375
31 0.5078125 0.6203125 0.021875 0.0390625
1 0.5078125 0.6625 0.0203125 0.040625
25 0.5296875 0.61875 0.0203125 0.0375
25 0.5296875 0.6578125 0.0203125 0.040625
6 0.5515625 0.615625 0.0203125 0.0390625
20 0.553125 0.6578125 0.01875 0.0390625
22 0.5734375 0.6140625 0.0203125 0.0390625
13 0.571875 0.6546875 0.0171875 0.0390625
26 0.590625 0.609375 0.0171875 0.0375
7 0.5921875 0.65 0.015625 0.0359375
24 0.6109375 0.609375 0.0203125 0.0359375
31 0.6109375 0.6484375 0.01875 0.034375
27 0.634375 0.43125 0.021875 0.025
29 0.65625 0.4578125 0.021875 0.025
5 0.634375 0.459375 0.0234375 0.025
24 0.6578125 0.4859375 0.0234375 0.0234375
31 0.634375 0.4875 0.0203125 0.025
24 0.6578125 0.5125 0.021875 0.025
30 0.6328125 0.5140625 0.021875 0.025
2 0.6578125 0.540625 0.0203125 0.025
8 0.6359375 0.5421875 0.025 0.0265625
29 0.6578125 0.5671875 0.0203125 0.028125
2 0.634375 0.5703125 0.021875 0.0265625