1 0.965625 0.7265625 0.028125 0.0421875
28 0.778125 0.74375 0.0265625 0.01875
28 0.7484375 0.7453125 0.034375 0.0140625
28 0.7203125 0.74375 0.0265625 0.01875
29 0.9125 0.3640625 0.0515625 0.025
29 0.921875 0.3359375 0.0515625 0.0296875
29 0.9390625 0.303125 0.0390625 0.0390625
9 0.85625 0.253125 0.046875 0.06875
15 0.80625 0.253125 0.046875 0.0671875
1 0.7578125 0.2515625 0.0453125 0.06875
7 0.709375 0.253125 0.046875 0.0703125
7 0.6609375 0.253125 0.0484375 0.06875
7 0.6109375 0.253125 0.0453125 0.06875
28 0.5625 0.2546875 0.0453125 0.0671875
18 0.5015625 0.253125 0.0453125 0.0671875
17 0.2796875 0.259375 0.05 0.0328125
11 0.2375 0.2640625 0.0390625 0.0375
14 0.2 0.2625 0.0390625 0.0390625
33 0.1625 0.2640625 0.0421875 0.0375
33 0.1265625 0.2625 0.040625 0.0375
33 0.08125 0.259375 0.053125 0.0265625
32 0.5828125 0.475 0.0328125 0.028125
25 0.5515625 0.475 0.0296875 0.028125
27 0.5171875 0.475 0.0296875 0.03125
27 0.484375 0.475 0.028125 0.0296875
30 0.4546875 0.4765625 0.028125 0.028125
13 0.4234375 0.4765625 0.0328125 0.0265625
23 0.5859375 0.44375 0.0296875 0.0296875
26 0.553125 0.4421875 0.0296875 0.028125
31 0.5203125 0.44375 0.0328125 0.0296875
8 0.625 0.5078125 0.0390625 0.0234375
18 0.621875 0.5296875 0.0390625 0.0203125
19 0.6203125 0.5515625 0.0375 0.0203125
19 0.65625 0.5734375 0.0375 0.021875
30 0.6171875 0.571875 0.0375 0.01875
25 0.653125 0.59375 0.0359375 0.01875
26 0.615625 0.59375 0.0375 0.0171875
13 0.653125 0.6125 0.034375 0.0171875
0 0.6125 0.6109375 0.0375 0.01875
11 0.5703125 0.6359375 0.028125 0.0234375
29 0.540625 0.634375 0.0265625 0.0203125
30 0.5140625 0.634375 0.025 0.0234375
27 0.4859375 0.634375 0.0265625 0.021875
19 0.45625 0.634375 0.0265625 0.021875
2 0.4296875 0.634375 0.0265625 0.0234375
5 0.4859375 0.6578125 0.0265625 0.021875
5 0.43125 0.6578125 0.0265625 0.021875
3 0.459375 0.6578125 0.025 0.021875
11 0.3890625 0.609375 0.0375 0.0171875
23 0.3875 0.590625 0.0390625 0.01875
15 0.3859375 0.5703125 0.0359375 0.01875
6 0.384375 0.55 0.0390625 0.01875
21 0.38125 0.5296875 0.0390625 0.0203125
27 0.3796875 0.5078125 0.040625 0.0234375
32 0.3421875 0.5296875 0.0390625 0.0203125
13 0.3375 0.509375 0.0390625 0.0203125