1 0.2734375 0.965625 0.0421875 0.028125
28 0.25625 0.778125 0.01875 0.0265625
28 0.2546875 0.7484375 0.0140625 0.034375
28 0.25625 0.7203125 0.01875 0.0265625
29 0.6359375 0.9125 0.025 0.0515625
29 0.6640625 0.921875 0.0296875 0.0515625
29 0.696875 0.9390625 0.0390625 0.0390625
9 0.746875 0.85625 0.06875 0.046875
15 0.746875 0.80625 0.0671875 0.046875
1 0.7484375 0.7578125 0.06875 0.0453125
7 0.746875 0.709375 0.0703125 0.046875
7 0.746875 0.6609375 0.06875 0.0484375
7 0.746875 0.6109375 0.06875 0.0453125
28 0.7453125 0.5625 0.0671875 0.0453125
18 0.746875 0.5015625 0.0671875 0.0453125
17 0.740625 0.2796875 0.0328125 0.05
11 0.7359375 0.2375 0.0375 0.0390625
14 0.7375 0.2 0.0390625 0.0390625
33 0.7359375 0.1625 0.0375 0.0421875
33 0.7375 0.1265625 0.0375 0.040625
33 0.740625 0.08125 0.0265625 0.053125
32 0.525 0.5828125 0.028125 0.0328125
25 0.525 0.5515625 0.028125 0.0296875
27 0.525 0.5171875 0.03125 0.0296875
27 0.525 0.484375 0.0296875 0.028125
30 0.5234375 0.4546875 0.028125 0.028125
13 0.5234375 0.4234375 0.0265625 0.0328125
23 0.55625 0.5859375 0.0296875 0.0296875
26 0.5578125 0.553125 0.028125 0.0296875
31 0.55625 0.5203125 0.0296875 0.0328125
8 0.4921875 0.625 0.0234375 0.0390625
18 0.4703125 0.621875 0.0203125 0.0390625
19 0.4484375 0.6203125 0.0203125 0.0375
19 0.4265625 0.65625 0.021875 0.0375
30 0.428125 0.6171875 0.01875 0.0375
25 0.40625 0.653125 0.01875 0.0359375
26 0.40625 0.615625 0.0171875 0.0375
13 0.3875 0.653125 0.0171875 0.034375
0 0.3890625 0.6125 0.01875 0.0375
11 0.3640625 0.5703125 0.0234375 0.028125
29 0.365625 0.540625 0.0203125 0.0265625
30 0.365625 0.5140625 0.0234375 0.025
27 0.365625 0.4859375 0.021875 0.0265625
19 0.365625 0.45625 0.021875 0.0265625
2 0.365625 0.4296875 0.0234375 0.0265625
5 0.3421875 0.4859375 0.021875 0.0265625
5 0.3421875 0.43125 0.021875 0.0265625
3 0.3421875 0.459375 0.021875 0.025
11 0.390625 0.3890625 0.0171875 0.0375
23 0.409375 0.3875 0.01875 0.0390625
15 0.4296875 0.3859375 0.01875 0.0359375
6 0.45 0.384375 0.01875 0.0390625
21 0.4703125 0.38125 0.0203125 0.0390625
27 0.4921875 0.3796875 0.0234375 0.040625
32 0.4703125 0.3421875 0.0203125 0.0390625
13 0.490625 0.3375 0.0203125 0.0390625