12 0.271875 0.965625 0.0375 0.0296875
30 0.3890625 0.6515625 0.01875 0.0359375
1 0.4078125 0.653125 0.0203125 0.0375
15 0.43125 0.6578125 0.025 0.0296875
3 0.453125 0.6609375 0.0203125 0.0390625
22 0.4734375 0.6640625 0.021875 0.0421875
1 0.3875 0.6125 0.0171875 0.0359375
27 0.4078125 0.615625 0.0171875 0.0390625
0 0.4265625 0.6171875 0.021875 0.0375
0 0.4484375 0.6203125 0.01875 0.0390625
24 0.4671875 0.621875 0.0203125 0.0390625
21 0.4890625 0.6234375 0.01875 0.040625
32 0.525 0.5828125 0.0296875 0.0296875
32 0.5578125 0.584375 0.0265625 0.0265625
27 0.525 0.5515625 0.028125 0.0296875
28 0.5234375 0.51875 0.0328125 0.028125
18 0.525 0.4875 0.0296875 0.0296875
22 0.525 0.45625 0.0296875 0.028125
28 0.525 0.425 0.028125 0.034375
23 0.55625 0.5515625 0.034375 0.0296875
14 0.55625 0.51875 0.0328125 0.028125
2 0.5578125 0.484375 0.0328125 0.028125
29 0.5578125 0.453125 0.028125 0.0296875
33 0.55625 0.41875 0.0328125 0.034375
7 0.590625 0.5875 0.0328125 0.0328125
4 0.746875 0.85625 0.0703125 0.046875
7 0.746875 0.8078125 0.06875 0.046875
5 0.7484375 0.7578125 0.0671875 0.046875
8 0.746875 0.709375 0.0671875 0.0453125
11 0.746875 0.6609375 0.0671875 0.0421875
20 0.7484375 0.6109375 0.06875 0.046875
20 0.746875 0.5625 0.06875 0.046875
9 0.7453125 0.4984375 0.0671875 0.0421875
19 0.7421875 0.2796875 0.0296875 0.05
13 0.7359375 0.2359375 0.0390625 0.0421875
16 0.7375 0.2015625 0.0421875 0.0359375
9 0.7421875 0.15625 0.0328125 0.046875
3 0.7359375 0.1140625 0.0421875 0.04375
6 0.7375 0.0765625 0.040625 0.0453125
3 0.4921875 0.38125 0.021875 0.04375
0 0.4921875 0.3375 0.0234375 0.040625
21 0.4921875 0.2953125 0.0234375 0.04375
27 0.4703125 0.38125 0.021875 0.04375
26 0.4484375 0.384375 0.01875 0.0421875
25 0.428125 0.3859375 0.021875 0.040625
21 0.4078125 0.3890625 0.0171875 0.0359375
25 0.3890625 0.390625 0.01875 0.0390625
19 0.3890625 0.3515625 0.0203125 0.0375
31 0.4078125 0.35 0.0203125 0.0390625
29 0.428125 0.3453125 0.0234375 0.0390625
33 0.45 0.34375 0.021875 0.0390625
6 0.4703125 0.340625 0.021875 0.0390625
24 0.3421875 0.5703125 0.021875 0.0265625
1 0.3421875 0.540625 0.021875 0.025
1 0.3421875 0.5140625 0.0234375 0.028125
23 0.340625 0.4875 0.0234375 0.025
25 0.340625 0.459375 0.0234375 0.025
7 0.3421875 0.43125 0.021875 0.028125
2 0.365625 0.5671875 0.025 0.028125
5 0.365625 0.5390625 0.0234375 0.0265625
3 0.365625 0.5109375 0.0265625 0.025
33 0.3671875 0.4859375 0.025 0.025
32 0.365625 0.4578125 0.021875 0.025
31 0.3640625 0.4296875 0.0203125 0.025
31 0.31875 0.4328125 0.01875 0.0265625