12 0.034375 0.271875 0.0296875 0.0375
30 0.3484375 0.3890625 0.0359375 0.01875
1 0.346875 0.4078125 0.0375 0.0203125
15 0.3421875 0.43125 0.0296875 0.025
3 0.3390625 0.453125 0.0390625 0.0203125
22 0.3359375 0.4734375 0.0421875 0.021875
1 0.3875 0.3875 0.0359375 0.0171875
27 0.384375 0.4078125 0.0390625 0.0171875
0 0.3828125 0.4265625 0.0375 0.021875
0 0.3796875 0.4484375 0.0390625 0.01875
24 0.378125 0.4671875 0.0390625 0.0203125
21 0.3765625 0.4890625 0.040625 0.01875
32 0.4171875 0.525 0.0296875 0.0296875
32 0.415625 0.5578125 0.0265625 0.0265625
27 0.4484375 0.525 0.0296875 0.028125
28 0.48125 0.5234375 0.028125 0.0328125
18 0.5125 0.525 0.0296875 0.0296875
22 0.54375 0.525 0.028125 0.0296875
28 0.575 0.525 0.034375 0.028125
23 0.4484375 0.55625 0.0296875 0.034375
14 0.48125 0.55625 0.028125 0.0328125
2 0.515625 0.5578125 0.028125 0.0328125
29 0.546875 0.5578125 0.0296875 0.028125
33 0.58125 0.55625 0.034375 0.0328125
7 0.4125 0.590625 0.0328125 0.0328125
4 0.14375 0.746875 0.046875 0.0703125
7 0.1921875 0.746875 0.046875 0.06875
5 0.2421875 0.7484375 0.046875 0.0671875
8 0.290625 0.746875 0.0453125 0.0671875
11 0.3390625 0.746875 0.0421875 0.0671875
20 0.3890625 0.7484375 0.046875 0.06875
20 0.4375 0.746875 0.046875 0.06875
9 0.5015625 0.7453125 0.0421875 0.0671875
19 0.7203125 0.7421875 0.05 0.0296875
13 0.7640625 0.7359375 0.0421875 0.0390625
16 0.7984375 0.7375 0.0359375 0.0421875
9 0.84375 0.7421875 0.046875 0.0328125
3 0.8859375 0.7359375 0.04375 0.0421875
6 0.9234375 0.7375 0.0453125 0.040625
3 0.61875 0.4921875 0.04375 0.021875
0 0.6625 0.4921875 0.040625 0.0234375
21 0.7046875 0.4921875 0.04375 0.0234375
27 0.61875 0.4703125 0.04375 0.021875
26 0.615625 0.4484375 0.0421875 0.01875
25 0.6140625 0.428125 0.040625 0.021875
21 0.6109375 0.4078125 0.0359375 0.0171875
25 0.609375 0.3890625 0.0390625 0.01875
19 0.6484375 0.3890625 0.0375 0.0203125
31 0.65 0.4078125 0.0390625 0.0203125
29 0.6546875 0.428125 0.0390625 0.0234375
33 0.65625 0.45 0.0390625 0.021875
6 0.659375 0.4703125 0.0390625 0.021875
24 0.4296875 0.3421875 0.0265625 0.021875
1 0.459375 0.3421875 0.025 0.021875
1 0.4859375 0.3421875 0.028125 0.0234375
23 0.5125 0.340625 0.025 0.0234375
25 0.540625 0.340625 0.025 0.0234375
7 0.56875 0.3421875 0.028125 0.021875
2 0.4328125 0.365625 0.028125 0.025
5 0.4609375 0.365625 0.0265625 0.0234375
3 0.4890625 0.365625 0.025 0.0265625
33 0.5140625 0.3671875 0.025 0.025
32 0.5421875 0.365625 0.025 0.021875
31 0.5703125 0.3640625 0.025 0.0203125
31 0.5671875 0.31875 0.0265625 0.01875