2 0.2734375 0.965625 0.0390625 0.0265625
24 0.2734375 0.9375 0.0390625 0.0265625
5 0.3890625 0.6515625 0.01875 0.0375
11 0.409375 0.6546875 0.01875 0.0359375
33 0.428125 0.65625 0.0203125 0.0390625
6 0.4484375 0.6609375 0.0171875 0.0390625
14 0.4703125 0.6640625 0.021875 0.0390625
17 0.4921875 0.6671875 0.0203125 0.0390625
25 0.3875 0.6140625 0.01875 0.034375
33 0.4078125 0.615625 0.0171875 0.034375
32 0.428125 0.6171875 0.0203125 0.034375
28 0.446875 0.61875 0.0171875 0.0390625
31 0.46875 0.621875 0.0203125 0.0421875
7 0.4890625 0.625 0.0203125 0.0390625
6 0.7484375 0.85625 0.0703125 0.0484375
6 0.7484375 0.8078125 0.06875 0.0484375
9 0.746875 0.759375 0.06875 0.046875
9 0.7484375 0.709375 0.0703125 0.046875
12 0.746875 0.6609375 0.06875 0.046875
15 0.746875 0.6109375 0.0671875 0.0484375
18 0.746875 0.5625 0.06875 0.046875
5 0.746875 0.5140625 0.0671875 0.046875
8 0.746875 0.4640625 0.0671875 0.046875
11 0.746875 0.4171875 0.06875 0.046875
26 0.746875 0.3671875 0.0703125 0.046875
26 0.746875 0.3171875 0.06875 0.04375
26 0.746875 0.2703125 0.0671875 0.0453125
6 0.746875 0.20625 0.0703125 0.046875
25 0.525 0.5828125 0.028125 0.0296875
10 0.5578125 0.5859375 0.0296875 0.0296875
24 0.525 0.5515625 0.0296875 0.0296875
1 0.5578125 0.553125 0.03125 0.028125
27 0.525 0.5203125 0.0328125 0.03125
23 0.55625 0.5203125 0.03125 0.0296875
28 0.525 0.4875 0.028125 0.0296875
1 0.55625 0.4875 0.03125 0.0328125
33 0.525 0.4546875 0.028125 0.0296875
2 0.55625 0.453125 0.03125 0.0328125
31 0.525 0.4234375 0.028125 0.03125
1 0.55625 0.4203125 0.03125 0.0328125
29 0.4921875 0.3796875 0.0203125 0.040625
29 0.4921875 0.3390625 0.01875 0.0390625
15 0.4921875 0.296875 0.0203125 0.040625
27 0.4703125 0.38125 0.0203125 0.040625
23 0.4703125 0.3390625 0.01875 0.0390625
33 0.4484375 0.384375 0.0203125 0.0390625
25 0.4484375 0.34375 0.0203125 0.0390625
3 0.428125 0.3859375 0.01875 0.0390625
14 0.428125 0.3453125 0.0203125 0.0390625
24 0.409375 0.3890625 0.01875 0.034375
15 0.4078125 0.35 0.01875 0.040625
13 0.390625 0.390625 0.0171875 0.0359375
0 0.3875 0.3515625 0.0171875 0.0390625
14 0.3421875 0.5671875 0.0234375 0.0265625
2 0.365625 0.56875 0.021875 0.0265625
31 0.3421875 0.5390625 0.0234375 0.025
3 0.365625 0.540625 0.021875 0.025
3 0.365625 0.5109375 0.021875 0.025
32 0.34375 0.5125 0.0234375 0.0265625
18 0.340625 0.484375 0.021875 0.0234375
28 0.365625 0.484375 0.021875 0.0234375
27 0.3671875 0.45625 0.0203125 0.025
29 0.365625 0.4296875 0.0203125 0.0265625
9 0.3421875 0.459375 0.0203125 0.0265625
8 0.3421875 0.43125 0.021875 0.025
30 0.259375 0.221875 0.01875 0.0265625
30 0.259375 0.196875 0.0203125 0.0265625
30 0.2765625 0.1953125 0.0125 0.0359375
30 0.2921875 0.1921875 0.015625 0.0390625