2 0.034375 0.2734375 0.0265625 0.0390625
24 0.0625 0.2734375 0.0265625 0.0390625
5 0.3484375 0.3890625 0.0375 0.01875
11 0.3453125 0.409375 0.0359375 0.01875
33 0.34375 0.428125 0.0390625 0.0203125
6 0.3390625 0.4484375 0.0390625 0.0171875
14 0.3359375 0.4703125 0.0390625 0.021875
17 0.3328125 0.4921875 0.0390625 0.0203125
25 0.3859375 0.3875 0.034375 0.01875
33 0.384375 0.4078125 0.034375 0.0171875
32 0.3828125 0.428125 0.034375 0.0203125
28 0.38125 0.446875 0.0390625 0.0171875
31 0.378125 0.46875 0.0421875 0.0203125
7 0.375 0.4890625 0.0390625 0.0203125
6 0.14375 0.7484375 0.0484375 0.0703125
6 0.1921875 0.7484375 0.0484375 0.06875
9 0.240625 0.746875 0.046875 0.06875
9 0.290625 0.7484375 0.046875 0.0703125
12 0.3390625 0.746875 0.046875 0.06875
15 0.3890625 0.746875 0.0484375 0.0671875
18 0.4375 0.746875 0.046875 0.06875
5 0.4859375 0.746875 0.046875 0.0671875
8 0.5359375 0.746875 0.046875 0.0671875
11 0.5828125 0.746875 0.046875 0.06875
26 0.6328125 0.746875 0.046875 0.0703125
26 0.6828125 0.746875 0.04375 0.06875
26 0.7296875 0.746875 0.0453125 0.0671875
6 0.79375 0.746875 0.046875 0.0703125
25 0.4171875 0.525 0.0296875 0.028125
10 0.4140625 0.5578125 0.0296875 0.0296875
24 0.4484375 0.525 0.0296875 0.0296875
1 0.446875 0.5578125 0.028125 0.03125
27 0.4796875 0.525 0.03125 0.0328125
23 0.4796875 0.55625 0.0296875 0.03125
28 0.5125 0.525 0.0296875 0.028125
1 0.5125 0.55625 0.0328125 0.03125
33 0.5453125 0.525 0.0296875 0.028125
2 0.546875 0.55625 0.0328125 0.03125
31 0.5765625 0.525 0.03125 0.028125
1 0.5796875 0.55625 0.0328125 0.03125
29 0.6203125 0.4921875 0.040625 0.0203125
29 0.6609375 0.4921875 0.0390625 0.01875
15 0.703125 0.4921875 0.040625 0.0203125
27 0.61875 0.4703125 0.040625 0.0203125
23 0.6609375 0.4703125 0.0390625 0.01875
33 0.615625 0.4484375 0.0390625 0.0203125
25 0.65625 0.4484375 0.0390625 0.0203125
3 0.6140625 0.428125 0.0390625 0.01875
14 0.6546875 0.428125 0.0390625 0.0203125
24 0.6109375 0.409375 0.034375 0.01875
15 0.65 0.4078125 0.040625 0.01875
13 0.609375 0.390625 0.0359375 0.0171875
0 0.6484375 0.3875 0.0390625 0.0171875
14 0.4328125 0.3421875 0.0265625 0.0234375
2 0.43125 0.365625 0.0265625 0.021875
31 0.4609375 0.3421875 0.025 0.0234375
3 0.459375 0.365625 0.025 0.021875
3 0.4890625 0.365625 0.025 0.021875
32 0.4875 0.34375 0.0265625 0.0234375
18 0.515625 0.340625 0.0234375 0.021875
28 0.515625 0.365625 0.0234375 0.021875
27 0.54375 0.3671875 0.025 0.0203125
29 0.5703125 0.365625 0.0265625 0.0203125
9 0.540625 0.3421875 0.0265625 0.0203125
8 0.56875 0.3421875 0.025 0.021875
30 0.778125 0.259375 0.0265625 0.01875
30 0.803125 0.259375 0.0265625 0.0203125
30 0.8046875 0.2765625 0.0359375 0.0125
30 0.8078125 0.2921875 0.0390625 0.015625