16 0.034375 0.2734375 0.025 0.040625
31 0.221875 0.25625 0.0234375 0.0171875
31 0.2453125 0.2546875 0.0234375 0.0171875
31 0.275 0.253125 0.03125 0.015625
5 0.0859375 0.634375 0.04375 0.0265625
5 0.071875 0.6671875 0.040625 0.0375
5 0.0671875 0.7015625 0.053125 0.028125
18 0.14375 0.74375 0.04375 0.0703125
18 0.1921875 0.746875 0.046875 0.0671875
14 0.2421875 0.746875 0.046875 0.0671875
17 0.290625 0.746875 0.0453125 0.06875
17 0.3390625 0.746875 0.0484375 0.06875
20 0.3890625 0.746875 0.05 0.06875
20 0.4375 0.746875 0.046875 0.06875
10 0.503125 0.746875 0.0484375 0.06875
15 0.7203125 0.7421875 0.05 0.0296875
9 0.7625 0.7375 0.0390625 0.0375
12 0.8015625 0.734375 0.0390625 0.040625
3 0.8359375 0.7375 0.0375 0.0375
3 0.8828125 0.740625 0.05 0.0296875
3 0.9203125 0.7375 0.04375 0.0375
24 0.35 0.3875 0.0359375 0.0171875
9 0.3453125 0.40625 0.0375 0.01875
13 0.34375 0.425 0.0375 0.01875
11 0.340625 0.446875 0.0375 0.0203125
2 0.3375 0.46875 0.0390625 0.0203125
33 0.334375 0.490625 0.0375 0.01875
32 0.3859375 0.3890625 0.034375 0.0171875
0 0.3859375 0.4078125 0.0375 0.0203125
31 0.3828125 0.4265625 0.0359375 0.01875
29 0.38125 0.4484375 0.0390625 0.0203125
33 0.378125 0.46875 0.0359375 0.0203125
26 0.375 0.490625 0.0390625 0.01875
32 0.4171875 0.525 0.0265625 0.028125
30 0.4484375 0.525 0.0296875 0.0296875
8 0.48125 0.525 0.0296875 0.0296875
4 0.5140625 0.525 0.03125 0.0296875
28 0.5453125 0.525 0.0328125 0.028125
24 0.578125 0.525 0.028125 0.0296875
16 0.415625 0.5578125 0.03125 0.0328125
25 0.446875 0.5578125 0.028125 0.0328125
13 0.4796875 0.55625 0.0296875 0.0296875
1 0.5125 0.5546875 0.0296875 0.03125
22 0.546875 0.5546875 0.0328125 0.0296875
22 0.578125 0.55625 0.03125 0.0296875
1 0.4109375 0.590625 0.03125 0.028125
2 0.446875 0.5921875 0.03125 0.03125
26 0.621875 0.4921875 0.0359375 0.025
27 0.61875 0.4703125 0.040625 0.0203125
25 0.615625 0.45 0.0390625 0.0171875
30 0.6125 0.428125 0.0390625 0.0203125
12 0.6125 0.4078125 0.0375 0.01875
26 0.609375 0.3875 0.0359375 0.015625
3 0.6484375 0.384375 0.0359375 0.01875
30 0.65 0.4015625 0.0375 0.01875
8 0.6515625 0.4234375 0.0265625 0.025
10 0.65625 0.4484375 0.0375 0.021875
1 0.659375 0.4703125 0.0390625 0.01875
8 0.6625 0.4921875 0.04375 0.0203125
32 0.43125 0.3421875 0.0234375 0.021875
10 0.459375 0.3421875 0.0265625 0.0203125
8 0.4859375 0.340625 0.025 0.021875
27 0.5140625 0.3421875 0.0265625 0.021875
33 0.5421875 0.340625 0.0265625 0.021875
32 0.56875 0.3421875 0.025 0.021875
0 0.43125 0.3640625 0.025 0.021875
23 0.459375 0.3640625 0.0265625 0.0234375
24 0.4859375 0.3640625 0.0265625 0.021875
2 0.5140625 0.3640625 0.025 0.0234375
28 0.5421875 0.3640625 0.028125 0.0234375
25 0.5703125 0.365625 0.025 0.021875