16 0.7265625 0.034375 0.040625 0.025
31 0.74375 0.221875 0.0171875 0.0234375
31 0.7453125 0.2453125 0.0171875 0.0234375
31 0.746875 0.275 0.015625 0.03125
5 0.365625 0.0859375 0.0265625 0.04375
5 0.3328125 0.071875 0.0375 0.040625
5 0.2984375 0.0671875 0.028125 0.053125
18 0.25625 0.14375 0.0703125 0.04375
18 0.253125 0.1921875 0.0671875 0.046875
14 0.253125 0.2421875 0.0671875 0.046875
17 0.253125 0.290625 0.06875 0.0453125
17 0.253125 0.3390625 0.06875 0.0484375
20 0.253125 0.3890625 0.06875 0.05
20 0.253125 0.4375 0.06875 0.046875
10 0.253125 0.503125 0.06875 0.0484375
15 0.2578125 0.7203125 0.0296875 0.05
9 0.2625 0.7625 0.0375 0.0390625
12 0.265625 0.8015625 0.040625 0.0390625
3 0.2625 0.8359375 0.0375 0.0375
3 0.259375 0.8828125 0.0296875 0.05
3 0.2625 0.9203125 0.0375 0.04375
24 0.6125 0.35 0.0171875 0.0359375
9 0.59375 0.3453125 0.01875 0.0375
13 0.575 0.34375 0.01875 0.0375
11 0.553125 0.340625 0.0203125 0.0375
2 0.53125 0.3375 0.0203125 0.0390625
33 0.509375 0.334375 0.01875 0.0375
32 0.6109375 0.3859375 0.0171875 0.034375
0 0.5921875 0.3859375 0.0203125 0.0375
31 0.5734375 0.3828125 0.01875 0.0359375
29 0.5515625 0.38125 0.0203125 0.0390625
33 0.53125 0.378125 0.0203125 0.0359375
26 0.509375 0.375 0.01875 0.0390625
32 0.475 0.4171875 0.028125 0.0265625
30 0.475 0.4484375 0.0296875 0.0296875
8 0.475 0.48125 0.0296875 0.0296875
4 0.475 0.5140625 0.0296875 0.03125
28 0.475 0.5453125 0.028125 0.0328125
24 0.475 0.578125 0.0296875 0.028125
16 0.4421875 0.415625 0.0328125 0.03125
25 0.4421875 0.446875 0.0328125 0.028125
13 0.44375 0.4796875 0.0296875 0.0296875
1 0.4453125 0.5125 0.03125 0.0296875
22 0.4453125 0.546875 0.0296875 0.0328125
22 0.44375 0.578125 0.0296875 0.03125
1 0.409375 0.4109375 0.028125 0.03125
2 0.4078125 0.446875 0.03125 0.03125
26 0.5078125 0.621875 0.025 0.0359375
27 0.5296875 0.61875 0.0203125 0.040625
25 0.55 0.615625 0.0171875 0.0390625
30 0.571875 0.6125 0.0203125 0.0390625
12 0.5921875 0.6125 0.01875 0.0375
26 0.6125 0.609375 0.015625 0.0359375
3 0.615625 0.6484375 0.01875 0.0359375
30 0.5984375 0.65 0.01875 0.0375
8 0.5765625 0.6515625 0.025 0.0265625
10 0.5515625 0.65625 0.021875 0.0375
1 0.5296875 0.659375 0.01875 0.0390625
8 0.5078125 0.6625 0.0203125 0.04375
32 0.6578125 0.43125 0.021875 0.0234375
10 0.6578125 0.459375 0.0203125 0.0265625
8 0.659375 0.4859375 0.021875 0.025
27 0.6578125 0.5140625 0.021875 0.0265625
33 0.659375 0.5421875 0.021875 0.0265625
32 0.6578125 0.56875 0.021875 0.025
0 0.6359375 0.43125 0.021875 0.025
23 0.6359375 0.459375 0.0234375 0.0265625
24 0.6359375 0.4859375 0.021875 0.0265625
2 0.6359375 0.5140625 0.0234375 0.025
28 0.6359375 0.5421875 0.0234375 0.028125
25 0.634375 0.5703125 0.021875 0.025