15 0.0375 0.50625 0.0671875 0.0953125
18 0.1078125 0.50625 0.065625 0.09375
1 0.1765625 0.50625 0.0671875 0.096875
7 0.2453125 0.5046875 0.0734375 0.0984375
13 0.3140625 0.5046875 0.0671875 0.0953125
16 0.384375 0.50625 0.0671875 0.0953125
25 0.453125 0.50625 0.065625 0.09375
14 0.5234375 0.5046875 0.0671875 0.1
26 0.5921875 0.5046875 0.065625 0.0953125
32 0.6625 0.50625 0.0671875 0.0984375
31 0.7328125 0.5046875 0.065625 0.096875
28 0.8 0.5046875 0.065625 0.1
29 0.86875 0.50625 0.0671875 0.096875
27 0.959375 0.5046875 0.0671875 0.096875