9 0.8609375 0.928125 0.259375 0.1359375
27 0.8453125 0.7859375 0.275 0.125
0 0.8359375 0.6375 0.2703125 0.1359375
27 0.83125 0.4921875 0.278125 0.1375
33 0.8171875 0.33125 0.290625 0.1453125
2 0.8046875 0.1390625 0.2953125 0.215625
26 0.590625 0.9234375 0.278125 0.1328125
16 0.50625 0.334375 0.3046875 0.140625
16 0.490625 0.1421875 0.29375 0.1984375
28 0.565625 0.7828125 0.2734375 0.1328125
30 0.5421875 0.6390625 0.2703125 0.134375
9 0.5359375 0.4875 0.2875 0.1390625
21 0.19375 0.3265625 0.315625 0.1578125
21 0.1765625 0.1375 0.3140625 0.203125