15 0.49375 0.0375 0.0953125 0.0671875
18 0.49375 0.1078125 0.09375 0.065625
1 0.49375 0.1765625 0.096875 0.0671875
7 0.4953125 0.2453125 0.0984375 0.0734375
13 0.4953125 0.3140625 0.0953125 0.0671875
16 0.49375 0.384375 0.0953125 0.0671875
25 0.49375 0.453125 0.09375 0.065625
14 0.4953125 0.5234375 0.1 0.0671875
26 0.4953125 0.5921875 0.0953125 0.065625
32 0.49375 0.6625 0.0984375 0.0671875
31 0.4953125 0.7328125 0.096875 0.065625
28 0.4953125 0.8 0.1 0.065625
29 0.49375 0.86875 0.096875 0.0671875
27 0.4953125 0.959375 0.096875 0.0671875