9 0.1390625 0.071875 0.259375 0.1359375
27 0.1546875 0.2140625 0.275 0.125
0 0.1640625 0.3625 0.2703125 0.1359375
27 0.16875 0.5078125 0.278125 0.1375
33 0.1828125 0.66875 0.290625 0.1453125
2 0.1953125 0.8609375 0.2953125 0.215625
26 0.409375 0.0765625 0.278125 0.1328125
16 0.49375 0.665625 0.3046875 0.140625
16 0.509375 0.8578125 0.29375 0.1984375
28 0.434375 0.2171875 0.2734375 0.1328125
30 0.4578125 0.3609375 0.2703125 0.134375
9 0.4640625 0.5125 0.2875 0.1390625
21 0.80625 0.6734375 0.315625 0.1578125
21 0.8234375 0.8625 0.3140625 0.203125