4 0.0859375 0.4109375 0.065625 0.103125
10 0.15 0.4125 0.0671875 0.109375
13 0.215625 0.415625 0.0640625 0.1078125
19 0.28125 0.4171875 0.0671875 0.1140625
22 0.3484375 0.4203125 0.06875 0.115625
2 0.415625 0.4234375 0.065625 0.1125
5 0.4828125 0.425 0.065625 0.1140625
8 0.5515625 0.4265625 0.065625 0.1109375
14 0.615625 0.4296875 0.0703125 0.1125
17 0.6875 0.4296875 0.0640625 0.1140625
20 0.7546875 0.4328125 0.0671875 0.115625
23 0.825 0.434375 0.065625 0.1140625
23 0.89375 0.4375 0.065625 0.115625