4 0.5890625 0.0859375 0.103125 0.065625
10 0.5875 0.15 0.109375 0.0671875
13 0.584375 0.215625 0.1078125 0.0640625
19 0.5828125 0.28125 0.1140625 0.0671875
22 0.5796875 0.3484375 0.115625 0.06875
2 0.5765625 0.415625 0.1125 0.065625
5 0.575 0.4828125 0.1140625 0.065625
8 0.5734375 0.5515625 0.1109375 0.065625
14 0.5703125 0.615625 0.1125 0.0703125
17 0.5703125 0.6875 0.1140625 0.0640625
20 0.5671875 0.7546875 0.115625 0.0671875
23 0.565625 0.825 0.1140625 0.065625
23 0.5625 0.89375 0.115625 0.065625