4 0.4109375 0.9140625 0.103125 0.065625
10 0.4125 0.85 0.109375 0.0671875
13 0.415625 0.784375 0.1078125 0.0640625
19 0.4171875 0.71875 0.1140625 0.0671875
22 0.4203125 0.6515625 0.115625 0.06875
2 0.4234375 0.584375 0.1125 0.065625
5 0.425 0.5171875 0.1140625 0.065625
8 0.4265625 0.4484375 0.1109375 0.065625
14 0.4296875 0.384375 0.1125 0.0703125
17 0.4296875 0.3125 0.1140625 0.0640625
20 0.4328125 0.2453125 0.115625 0.0671875
23 0.434375 0.175 0.1140625 0.065625
23 0.4375 0.10625 0.115625 0.065625