24 0.7265625 0.034375 0.040625 0.028125
24 0.3625 0.08125 0.034375 0.0390625
24 0.3265625 0.0765625 0.0265625 0.0484375
24 0.2984375 0.065625 0.028125 0.0515625
6 0.2515625 0.14375 0.06875 0.04375
9 0.253125 0.1921875 0.0671875 0.04375
12 0.2515625 0.2421875 0.071875 0.0484375
7 0.253125 0.290625 0.06875 0.0453125
10 0.253125 0.340625 0.0671875 0.046875
10 0.2515625 0.3890625 0.0671875 0.0453125
5 0.2515625 0.4390625 0.06875 0.046875
8 0.253125 0.4875 0.0703125 0.046875
8 0.253125 0.5359375 0.06875 0.0484375
11 0.2515625 0.584375 0.0703125 0.0484375
14 0.253125 0.63125 0.0703125 0.046875
26 0.253125 0.6828125 0.0703125 0.0484375
26 0.253125 0.7296875 0.0671875 0.0453125
2 0.2515625 0.7953125 0.0703125 0.0453125
21 0.6109375 0.3484375 0.0171875 0.0359375
23 0.59375 0.34375 0.01875 0.0359375
29 0.6125 0.3859375 0.0171875 0.0359375
30 0.59375 0.384375 0.01875 0.0359375
28 0.5734375 0.38125 0.01875 0.0390625
23 0.5546875 0.3796875 0.0203125 0.0390625
4 0.5328125 0.378125 0.01875 0.0390625
33 0.5109375 0.3765625 0.021875 0.0390625
32 0.4765625 0.4171875 0.028125 0.0296875
1 0.4765625 0.45 0.0296875 0.0296875
21 0.4765625 0.48125 0.0265625 0.0296875
22 0.475 0.5140625 0.0265625 0.028125
20 0.4765625 0.54375 0.0296875 0.0296875
12 0.4765625 0.5765625 0.028125 0.028125
16 0.609375 0.6078125 0.0203125 0.0359375
6 0.590625 0.6125 0.01875 0.0375
6 0.5703125 0.6140625 0.01875 0.034375
20 0.5515625 0.6171875 0.01875 0.0375
29 0.53125 0.61875 0.0203125 0.0375
30 0.5078125 0.6203125 0.01875 0.0390625
3 0.5515625 0.6546875 0.01875 0.0359375
13 0.53125 0.6578125 0.0203125 0.0359375
23 0.5109375 0.6640625 0.0203125 0.040625
27 0.7390625 0.803125 0.0171875 0.028125
27 0.721875 0.803125 0.0125 0.034375
27 0.7078125 0.809375 0.0171875 0.0359375
16 0.6921875 0.8140625 0.0171875 0.034375
13 0.6765625 0.8171875 0.01875 0.0359375
19 0.65625 0.828125 0.0203125 0.0296875
19 0.6578125 0.5671875 0.021875 0.0265625
32 0.6359375 0.56875 0.0203125 0.0265625
29 0.634375 0.5421875 0.021875 0.025
21 0.634375 0.5125 0.0234375 0.028125
31 0.634375 0.484375 0.0234375 0.025
31 0.6328125 0.4578125 0.025 0.0265625
26 0.6359375 0.4296875 0.025 0.025