18 0.9234375 0.5109375 0.1484375 0.165625
8 0.7484375 0.6828125 0.146875 0.15625
3 0.7578125 0.49375 0.159375 0.1984375
33 0.5875 0.6859375 0.153125 0.1578125
17 0.590625 0.4984375 0.1609375 0.196875
22 0.41875 0.684375 0.153125 0.1578125
9 0.4234375 0.49375 0.159375 0.2
11 0.2515625 0.684375 0.1546875 0.15625
11 0.253125 0.4921875 0.165625 0.2046875
6 0.0875 0.4921875 0.1640625 0.203125
16 0.0890625 0.684375 0.153125 0.159375
25 0.9140625 0.68125 0.1546875 0.153125
16 0.925 0.325 0.1484375 0.1953125