18 0.0765625 0.4890625 0.1484375 0.165625
8 0.2515625 0.3171875 0.146875 0.15625
3 0.2421875 0.50625 0.159375 0.1984375
33 0.4125 0.3140625 0.153125 0.1578125
17 0.409375 0.5015625 0.1609375 0.196875
22 0.58125 0.315625 0.153125 0.1578125
9 0.5765625 0.50625 0.159375 0.2
11 0.7484375 0.315625 0.1546875 0.15625
11 0.746875 0.5078125 0.165625 0.2046875
6 0.9125 0.5078125 0.1640625 0.203125
16 0.9109375 0.315625 0.153125 0.159375
25 0.0859375 0.31875 0.1546875 0.153125
16 0.075 0.675 0.1484375 0.1953125