24 0.965625 0.7265625 0.028125 0.040625
24 0.91875 0.3625 0.0390625 0.034375
24 0.9234375 0.3265625 0.0484375 0.0265625
24 0.934375 0.2984375 0.0515625 0.028125
6 0.85625 0.2515625 0.04375 0.06875
9 0.8078125 0.253125 0.04375 0.0671875
12 0.7578125 0.2515625 0.0484375 0.071875
7 0.709375 0.253125 0.0453125 0.06875
10 0.659375 0.253125 0.046875 0.0671875
10 0.6109375 0.2515625 0.0453125 0.0671875
5 0.5609375 0.2515625 0.046875 0.06875
8 0.5125 0.253125 0.046875 0.0703125
8 0.4640625 0.253125 0.0484375 0.06875
11 0.415625 0.2515625 0.0484375 0.0703125
14 0.36875 0.253125 0.046875 0.0703125
26 0.3171875 0.253125 0.0484375 0.0703125
26 0.2703125 0.253125 0.0453125 0.0671875
2 0.2046875 0.2515625 0.0453125 0.0703125
21 0.6515625 0.6109375 0.0359375 0.0171875
23 0.65625 0.59375 0.0359375 0.01875
29 0.6140625 0.6125 0.0359375 0.0171875
30 0.615625 0.59375 0.0359375 0.01875
28 0.61875 0.5734375 0.0390625 0.01875
23 0.6203125 0.5546875 0.0390625 0.0203125
4 0.621875 0.5328125 0.0390625 0.01875
33 0.6234375 0.5109375 0.0390625 0.021875
32 0.5828125 0.4765625 0.0296875 0.028125
1 0.55 0.4765625 0.0296875 0.0296875
21 0.51875 0.4765625 0.0296875 0.0265625
22 0.4859375 0.475 0.028125 0.0265625
20 0.45625 0.4765625 0.0296875 0.0296875
12 0.4234375 0.4765625 0.028125 0.028125
16 0.3921875 0.609375 0.0359375 0.0203125
6 0.3875 0.590625 0.0375 0.01875
6 0.3859375 0.5703125 0.034375 0.01875
20 0.3828125 0.5515625 0.0375 0.01875
29 0.38125 0.53125 0.0375 0.0203125
30 0.3796875 0.5078125 0.0390625 0.01875
3 0.3453125 0.5515625 0.0359375 0.01875
13 0.3421875 0.53125 0.0359375 0.0203125
23 0.3359375 0.5109375 0.040625 0.0203125
27 0.196875 0.7390625 0.028125 0.0171875
27 0.196875 0.721875 0.034375 0.0125
27 0.190625 0.7078125 0.0359375 0.0171875
16 0.1859375 0.6921875 0.034375 0.0171875
13 0.1828125 0.6765625 0.0359375 0.01875
19 0.171875 0.65625 0.0296875 0.0203125
19 0.4328125 0.6578125 0.0265625 0.021875
32 0.43125 0.6359375 0.0265625 0.0203125
29 0.4578125 0.634375 0.025 0.021875
21 0.4875 0.634375 0.028125 0.0234375
31 0.515625 0.634375 0.025 0.0234375
31 0.5421875 0.6328125 0.0265625 0.025
26 0.5703125 0.6359375 0.025 0.025