14 0.034375 0.275 0.0265625 0.0375
2 0.225 0.2546875 0.0296875 0.0125
2 0.253125 0.25625 0.025 0.0203125
2 0.278125 0.25625 0.028125 0.01875
18 0.14375 0.746875 0.0453125 0.06875
1 0.19375 0.746875 0.046875 0.0671875
16 0.2421875 0.746875 0.0453125 0.06875
16 0.290625 0.746875 0.046875 0.0671875
16 0.340625 0.746875 0.0453125 0.06875
19 0.3890625 0.746875 0.0453125 0.06875
5 0.4375 0.746875 0.0453125 0.06875
11 0.4859375 0.746875 0.0453125 0.0703125
14 0.534375 0.7484375 0.0484375 0.06875
23 0.584375 0.746875 0.046875 0.06875
23 0.6328125 0.746875 0.04375 0.06875
26 0.6828125 0.746875 0.0484375 0.06875
26 0.7296875 0.746875 0.0453125 0.06875
11 0.79375 0.746875 0.05 0.06875
27 0.309375 0.3875 0.0375 0.0171875
32 0.3078125 0.4078125 0.034375 0.01875
4 0.3046875 0.4265625 0.0375 0.0171875
25 0.3 0.4484375 0.0359375 0.0203125
9 0.296875 0.46875 0.0390625 0.0203125
28 0.3484375 0.3890625 0.034375 0.0171875
6 0.346875 0.4078125 0.0375 0.01875
28 0.34375 0.428125 0.0375 0.01875
24 0.340625 0.446875 0.0375 0.0203125
23 0.3375 0.4734375 0.0296875 0.0296875
28 0.3328125 0.496875 0.0390625 0.0203125
30 0.3859375 0.3890625 0.034375 0.0171875
32 0.384375 0.4078125 0.0359375 0.01875
27 0.3828125 0.4265625 0.0375 0.0203125
5 0.38125 0.446875 0.0375 0.0203125
31 0.378125 0.4671875 0.0375 0.0203125
6 0.375 0.4890625 0.0375 0.021875
33 0.4171875 0.5234375 0.0265625 0.028125
32 0.4484375 0.525 0.0296875 0.0296875
30 0.48125 0.525 0.028125 0.028125
25 0.5125 0.525 0.028125 0.0296875
4 0.54375 0.525 0.0296875 0.028125
29 0.575 0.525 0.028125 0.028125
3 0.415625 0.5578125 0.03125 0.03125
0 0.446875 0.5578125 0.0328125 0.03125
15 0.4796875 0.55625 0.0296875 0.028125
31 0.5125 0.55625 0.0296875 0.028125
33 0.5453125 0.55625 0.0296875 0.028125
12 0.578125 0.55625 0.03125 0.028125
12 0.446875 0.590625 0.03125 0.03125
13 0.4125 0.590625 0.03125 0.03125
20 0.434375 0.3203125 0.0265625 0.0203125
24 0.4609375 0.31875 0.0234375 0.0203125
9 0.4875 0.31875 0.0234375 0.021875
12 0.5140625 0.31875 0.0234375 0.0203125
22 0.540625 0.3203125 0.025 0.021875
29 0.565625 0.3203125 0.0234375 0.01875
24 0.434375 0.3421875 0.0265625 0.021875
32 0.4609375 0.34375 0.025 0.021875
3 0.4875 0.3421875 0.0234375 0.0203125
22 0.5140625 0.3421875 0.0234375 0.0234375
25 0.5421875 0.3421875 0.028125 0.021875
26 0.56875 0.3421875 0.0265625 0.021875
31 0.43125 0.365625 0.025 0.0203125
28 0.459375 0.365625 0.025 0.021875
6 0.4859375 0.365625 0.025 0.021875
27 0.515625 0.365625 0.025 0.021875
0 0.5421875 0.3640625 0.025 0.0203125
33 0.5703125 0.365625 0.025 0.0203125
25 0.6109375 0.390625 0.0375 0.0171875
18 0.6109375 0.409375 0.0359375 0.01875
0 0.615625 0.428125 0.0375 0.01875
33 0.615625 0.4484375 0.0375 0.01875
0 0.61875 0.4703125 0.0390625 0.01875
30 0.6203125 0.4921875 0.0390625 0.0203125
29 0.6484375 0.3890625 0.0359375 0.0171875
15 0.6515625 0.409375 0.0359375 0.01875
13 0.653125 0.4265625 0.0375 0.01875
3 0.65625 0.4484375 0.0390625 0.01875
22 0.659375 0.4703125 0.040625 0.01875
6 0.6625 0.4921875 0.040625 0.0203125
5 0.6875 0.390625 0.0359375 0.0171875
12 0.6890625 0.4078125 0.034375 0.01875
13 0.69375 0.428125 0.0375 0.01875
31 0.6953125 0.4484375 0.0359375 0.01875
22 0.7 0.4703125 0.040625 0.0203125
3 0.7046875 0.4921875 0.0375 0.0203125
26 0.7984375 0.2578125 0.0328125 0.0140625
20 0.803125 0.271875 0.0328125 0.0140625
23 0.8109375 0.2875 0.028125 0.0203125
8 0.8140625 0.3078125 0.034375 0.0171875
5 0.8203125 0.3234375 0.0359375 0.0140625
11 0.8296875 0.3421875 0.034375 0.021875
8 0.834375 0.365625 0.0328125 0.021875
8 0.8375 0.3875 0.040625 0.01875
8 0.84375 0.4046875 0.040625 0.0171875