8 0.209375 0.090625 0.259375 0.1234375
2 0.1921875 0.25625 0.2390625 0.165625
1 0.5 0.090625 0.265625 0.134375
0 0.4484375 0.54375 0.2671875 0.140625
0 0.4359375 0.7109375 0.275 0.1484375
29 0.76875 0.3859375 0.26875 0.13125
28 0.4125 0.8921875 0.2953125 0.18125
31 0.7640625 0.5421875 0.2859375 0.1453125
32 0.7921875 0.0859375 0.24375 0.11875
30 0.7859375 0.23125 0.2625 0.128125
20 0.7265625 0.8765625 0.29375 0.175
26 0.746875 0.69375 0.2984375 0.1359375
15 0.496875 0.2390625 0.265625 0.1546875
9 0.475 0.396875 0.2703125 0.1484375