14 0.725 0.034375 0.0375 0.0265625
2 0.7453125 0.225 0.0125 0.0296875
2 0.74375 0.253125 0.0203125 0.025
2 0.74375 0.278125 0.01875 0.028125
18 0.253125 0.14375 0.06875 0.0453125
1 0.253125 0.19375 0.0671875 0.046875
16 0.253125 0.2421875 0.06875 0.0453125
16 0.253125 0.290625 0.0671875 0.046875
16 0.253125 0.340625 0.06875 0.0453125
19 0.253125 0.3890625 0.06875 0.0453125
5 0.253125 0.4375 0.06875 0.0453125
11 0.253125 0.4859375 0.0703125 0.0453125
14 0.2515625 0.534375 0.06875 0.0484375
23 0.253125 0.584375 0.06875 0.046875
23 0.253125 0.6328125 0.06875 0.04375
26 0.253125 0.6828125 0.06875 0.0484375
26 0.253125 0.7296875 0.06875 0.0453125
11 0.253125 0.79375 0.06875 0.05
27 0.6125 0.309375 0.0171875 0.0375
32 0.5921875 0.3078125 0.01875 0.034375
4 0.5734375 0.3046875 0.0171875 0.0375
25 0.5515625 0.3 0.0203125 0.0359375
9 0.53125 0.296875 0.0203125 0.0390625
28 0.6109375 0.3484375 0.0171875 0.034375
6 0.5921875 0.346875 0.01875 0.0375
28 0.571875 0.34375 0.01875 0.0375
24 0.553125 0.340625 0.0203125 0.0375
23 0.5265625 0.3375 0.0296875 0.0296875
28 0.503125 0.3328125 0.0203125 0.0390625
30 0.6109375 0.3859375 0.0171875 0.034375
32 0.5921875 0.384375 0.01875 0.0359375
27 0.5734375 0.3828125 0.0203125 0.0375
5 0.553125 0.38125 0.0203125 0.0375
31 0.5328125 0.378125 0.0203125 0.0375
6 0.5109375 0.375 0.021875 0.0375
33 0.4765625 0.4171875 0.028125 0.0265625
32 0.475 0.4484375 0.0296875 0.0296875
30 0.475 0.48125 0.028125 0.028125
25 0.475 0.5125 0.0296875 0.028125
4 0.475 0.54375 0.028125 0.0296875
29 0.475 0.575 0.028125 0.028125
3 0.4421875 0.415625 0.03125 0.03125
0 0.4421875 0.446875 0.03125 0.0328125
15 0.44375 0.4796875 0.028125 0.0296875
31 0.44375 0.5125 0.028125 0.0296875
33 0.44375 0.5453125 0.028125 0.0296875
12 0.44375 0.578125 0.028125 0.03125
12 0.409375 0.446875 0.03125 0.03125
13 0.409375 0.4125 0.03125 0.03125
20 0.6796875 0.434375 0.0203125 0.0265625
24 0.68125 0.4609375 0.0203125 0.0234375
9 0.68125 0.4875 0.021875 0.0234375
12 0.68125 0.5140625 0.0203125 0.0234375
22 0.6796875 0.540625 0.021875 0.025
29 0.6796875 0.565625 0.01875 0.0234375
24 0.6578125 0.434375 0.021875 0.0265625
32 0.65625 0.4609375 0.021875 0.025
3 0.6578125 0.4875 0.0203125 0.0234375
22 0.6578125 0.5140625 0.0234375 0.0234375
25 0.6578125 0.5421875 0.021875 0.028125
26 0.6578125 0.56875 0.021875 0.0265625
31 0.634375 0.43125 0.0203125 0.025
28 0.634375 0.459375 0.021875 0.025
6 0.634375 0.4859375 0.021875 0.025
27 0.634375 0.515625 0.021875 0.025
0 0.6359375 0.5421875 0.0203125 0.025
33 0.634375 0.5703125 0.0203125 0.025
25 0.609375 0.6109375 0.0171875 0.0375
18 0.590625 0.6109375 0.01875 0.0359375
0 0.571875 0.615625 0.01875 0.0375
33 0.5515625 0.615625 0.01875 0.0375
0 0.5296875 0.61875 0.01875 0.0390625
30 0.5078125 0.6203125 0.0203125 0.0390625
29 0.6109375 0.6484375 0.0171875 0.0359375
15 0.590625 0.6515625 0.01875 0.0359375
13 0.5734375 0.653125 0.01875 0.0375
3 0.5515625 0.65625 0.01875 0.0390625
22 0.5296875 0.659375 0.01875 0.040625
6 0.5078125 0.6625 0.0203125 0.040625
5 0.609375 0.6875 0.0171875 0.0359375
12 0.5921875 0.6890625 0.01875 0.034375
13 0.571875 0.69375 0.01875 0.0375
31 0.5515625 0.6953125 0.01875 0.0359375
22 0.5296875 0.7 0.0203125 0.040625
3 0.5078125 0.7046875 0.0203125 0.0375
26 0.7421875 0.7984375 0.0140625 0.0328125
20 0.728125 0.803125 0.0140625 0.0328125
23 0.7125 0.8109375 0.0203125 0.028125
8 0.6921875 0.8140625 0.0171875 0.034375
5 0.6765625 0.8203125 0.0140625 0.0359375
11 0.6578125 0.8296875 0.021875 0.034375
8 0.634375 0.834375 0.021875 0.0328125
8 0.6125 0.8375 0.01875 0.040625
8 0.5953125 0.84375 0.0171875 0.040625