6 0.0390625 0.50625 0.0734375 0.1078125
10 0.1953125 0.50625 0.0703125 0.10625
16 0.2703125 0.50625 0.075 0.10625
16 0.3484375 0.50625 0.0765625 0.1109375
19 0.425 0.5078125 0.071875 0.10625
22 0.5015625 0.503125 0.0765625 0.1078125
22 0.578125 0.503125 0.06875 0.1046875
2 0.653125 0.50625 0.0734375 0.109375
11 0.728125 0.5046875 0.0734375 0.10625
20 0.803125 0.50625 0.071875 0.1078125
33 0.8828125 0.5046875 0.0734375 0.1078125
32 0.959375 0.50625 0.075 0.10625
12 0.1171875 0.503125 0.06875 0.109375