8 0.909375 0.209375 0.1234375 0.259375
2 0.74375 0.1921875 0.165625 0.2390625
1 0.909375 0.5 0.134375 0.265625
0 0.45625 0.4484375 0.140625 0.2671875
0 0.2890625 0.4359375 0.1484375 0.275
29 0.6140625 0.76875 0.13125 0.26875
28 0.1078125 0.4125 0.18125 0.2953125
31 0.4578125 0.7640625 0.1453125 0.2859375
32 0.9140625 0.7921875 0.11875 0.24375
30 0.76875 0.7859375 0.128125 0.2625
20 0.1234375 0.7265625 0.175 0.29375
26 0.30625 0.746875 0.1359375 0.2984375
15 0.7609375 0.496875 0.1546875 0.265625
9 0.603125 0.475 0.1484375 0.2703125