27 0.90625 0.690625 0.146875 0.1625
31 0.9203125 0.5234375 0.1546875 0.1625
12 0.759375 0.328125 0.16875 0.209375
4 0.578125 0.6890625 0.1484375 0.1609375
21 0.5796875 0.5046875 0.1640625 0.19375
5 0.753125 0.525 0.1484375 0.1640625
3 0.7453125 0.6953125 0.1484375 0.153125
31 0.4140625 0.6875 0.15625 0.1609375
30 0.409375 0.5046875 0.165625 0.203125
7 0.2484375 0.69375 0.159375 0.15625
18 0.24375 0.4984375 0.1625 0.2015625
30 0.08125 0.69375 0.15 0.153125
32 0.0765625 0.5 0.1484375 0.203125
15 0.9234375 0.3296875 0.146875 0.209375