27 0.309375 0.90625 0.1625 0.146875
31 0.4765625 0.9203125 0.1625 0.1546875
12 0.671875 0.759375 0.209375 0.16875
4 0.3109375 0.578125 0.1609375 0.1484375
21 0.4953125 0.5796875 0.19375 0.1640625
5 0.475 0.753125 0.1640625 0.1484375
3 0.3046875 0.7453125 0.153125 0.1484375
31 0.3125 0.4140625 0.1609375 0.15625
30 0.4953125 0.409375 0.203125 0.165625
7 0.30625 0.2484375 0.15625 0.159375
18 0.5015625 0.24375 0.2015625 0.1625
30 0.30625 0.08125 0.153125 0.15
32 0.5 0.0765625 0.203125 0.1484375
15 0.6703125 0.9234375 0.209375 0.146875