27 0.09375 0.309375 0.146875 0.1625
31 0.0796875 0.4765625 0.1546875 0.1625
12 0.240625 0.671875 0.16875 0.209375
4 0.421875 0.3109375 0.1484375 0.1609375
21 0.4203125 0.4953125 0.1640625 0.19375
5 0.246875 0.475 0.1484375 0.1640625
3 0.2546875 0.3046875 0.1484375 0.153125
31 0.5859375 0.3125 0.15625 0.1609375
30 0.590625 0.4953125 0.165625 0.203125
7 0.7515625 0.30625 0.159375 0.15625
18 0.75625 0.5015625 0.1625 0.2015625
30 0.91875 0.30625 0.15 0.153125
32 0.9234375 0.5 0.1484375 0.203125
15 0.0765625 0.6703125 0.146875 0.209375