19 0.965625 0.7265625 0.0265625 0.0359375
29 0.6515625 0.6125 0.0328125 0.0171875
6 0.6546875 0.5890625 0.0265625 0.025
21 0.659375 0.565625 0.034375 0.0171875
31 0.6140625 0.6125 0.0359375 0.0171875
27 0.6171875 0.5921875 0.034375 0.01875
17 0.61875 0.571875 0.0359375 0.0203125
2 0.6203125 0.5515625 0.0359375 0.01875
5 0.621875 0.53125 0.0359375 0.01875
18 0.625 0.509375 0.0390625 0.0203125
3 0.85625 0.253125 0.0453125 0.0671875
3 0.80625 0.253125 0.0453125 0.0671875
12 0.7578125 0.253125 0.0453125 0.06875
18 0.709375 0.253125 0.0453125 0.06875
21 0.6609375 0.253125 0.0453125 0.06875
10 0.6109375 0.2515625 0.0484375 0.0703125
13 0.5625 0.253125 0.0453125 0.06875
13 0.5140625 0.253125 0.0453125 0.06875
16 0.4640625 0.253125 0.046875 0.0671875
16 0.4171875 0.253125 0.046875 0.06875
22 0.3671875 0.253125 0.0453125 0.06875
8 0.31875 0.253125 0.0453125 0.06875
23 0.26875 0.253125 0.04375 0.0671875
33 0.2046875 0.253125 0.046875 0.0671875
25 0.5828125 0.475 0.028125 0.0296875
4 0.5859375 0.44375 0.03125 0.0296875
27 0.5515625 0.475 0.0296875 0.0296875
32 0.5515625 0.44375 0.0296875 0.0296875
29 0.5171875 0.4765625 0.0296875 0.028125
33 0.4859375 0.4765625 0.028125 0.028125
32 0.4546875 0.4765625 0.0296875 0.0296875
27 0.421875 0.4765625 0.03125 0.0265625
25 0.390625 0.609375 0.0359375 0.01875
21 0.3890625 0.590625 0.034375 0.0171875
33 0.384375 0.571875 0.0359375 0.01875
29 0.384375 0.5515625 0.0359375 0.0203125
31 0.38125 0.528125 0.0359375 0.0203125
32 0.3796875 0.5078125 0.0375 0.0203125
2 0.34375 0.5515625 0.0390625 0.0203125
9 0.3421875 0.5296875 0.0375 0.0203125
30 0.3390625 0.5078125 0.0390625 0.01875
2 0.4296875 0.634375 0.0265625 0.0203125
25 0.4578125 0.6359375 0.025 0.0203125
17 0.4859375 0.6359375 0.025 0.021875
16 0.5125 0.6359375 0.025 0.0203125
8 0.540625 0.634375 0.025 0.0234375
8 0.56875 0.6359375 0.025 0.021875
28 0.484375 0.65625 0.0265625 0.0234375
28 0.4578125 0.6578125 0.0234375 0.021875
1 0.43125 0.6578125 0.0234375 0.0203125