33 0.8515625 0.9125 0.275 0.1328125
27 0.8390625 0.7703125 0.2890625 0.134375
1 0.821875 0.6234375 0.2796875 0.1359375
28 0.8109375 0.4765625 0.2875 0.1328125
15 0.55 0.775 0.2890625 0.1328125
0 0.5296875 0.621875 0.2875 0.13125
3 0.5140625 0.4703125 0.28125 0.1515625
6 0.496875 0.31875 0.2703125 0.1390625
27 0.7890625 0.3171875 0.3140625 0.146875
24 0.7828125 0.125 0.296875 0.1984375
1 0.478125 0.125 0.3078125 0.2125
26 0.184375 0.3234375 0.3171875 0.140625
18 0.165625 0.1234375 0.303125 0.21875
12 0.571875 0.915625 0.28125 0.1328125