33 0.1484375 0.0875 0.275 0.1328125
27 0.1609375 0.2296875 0.2890625 0.134375
1 0.178125 0.3765625 0.2796875 0.1359375
28 0.1890625 0.5234375 0.2875 0.1328125
15 0.45 0.225 0.2890625 0.1328125
0 0.4703125 0.378125 0.2875 0.13125
3 0.4859375 0.5296875 0.28125 0.1515625
6 0.503125 0.68125 0.2703125 0.1390625
27 0.2109375 0.6828125 0.3140625 0.146875
24 0.2171875 0.875 0.296875 0.1984375
1 0.521875 0.875 0.3078125 0.2125
26 0.815625 0.6765625 0.3171875 0.140625
18 0.834375 0.8765625 0.303125 0.21875
12 0.428125 0.084375 0.28125 0.1328125