11 0.034375 0.2734375 0.0265625 0.040625
20 0.221875 0.25625 0.028125 0.015625
17 0.2453125 0.25625 0.025 0.0171875
23 0.275 0.253125 0.03125 0.0140625
10 0.3015625 0.25625 0.025 0.015625
7 0.3265625 0.25625 0.025 0.0171875
4 0.35625 0.2546875 0.03125 0.0125
14 0.3828125 0.25625 0.025 0.0171875
14 0.4078125 0.25625 0.0234375 0.0171875
14 0.4375 0.253125 0.03125 0.0125
1 0.4875 0.365625 0.0265625 0.021875
25 0.515625 0.3640625 0.025 0.0203125
33 0.5421875 0.3640625 0.025 0.0203125
30 0.5703125 0.365625 0.025 0.021875
29 0.803125 0.259375 0.028125 0.0171875
29 0.8046875 0.278125 0.0359375 0.0140625
29 0.8078125 0.2921875 0.0328125 0.015625
7 0.8140625 0.3078125 0.0359375 0.015625
4 0.81875 0.3234375 0.0359375 0.015625
10 0.828125 0.34375 0.0296875 0.0203125
24 0.615625 0.4484375 0.0375 0.0203125
21 0.61875 0.4703125 0.0390625 0.021875
28 0.621875 0.4921875 0.0375 0.01875
28 0.3859375 0.3875 0.0375 0.0171875
10 0.384375 0.4078125 0.0375 0.0171875
2 0.38125 0.4265625 0.0375 0.0203125
12 0.378125 0.4484375 0.0390625 0.01875
3 0.378125 0.46875 0.0390625 0.0234375
5 0.375 0.490625 0.0390625 0.01875
30 0.4171875 0.5234375 0.0296875 0.028125
0 0.45 0.525 0.028125 0.028125
29 0.48125 0.525 0.028125 0.0265625
5 0.5125 0.5234375 0.03125 0.028125
24 0.1078125 0.553125 0.0390625 0.0328125
18 0.103125 0.58125 0.0453125 0.025
21 0.0953125 0.6078125 0.0484375 0.025
0 0.0796875 0.6390625 0.0421875 0.0375
3 0.075 0.671875 0.0484375 0.025
6 0.065625 0.7015625 0.0515625 0.028125
18 0.14375 0.746875 0.0453125 0.0703125
21 0.1921875 0.746875 0.0453125 0.0671875
24 0.240625 0.746875 0.046875 0.06875
19 0.290625 0.746875 0.046875 0.0671875
22 0.3390625 0.746875 0.0453125 0.06875
22 0.3875 0.746875 0.046875 0.06875
2 0.4375 0.746875 0.046875 0.06875
2 0.4859375 0.746875 0.046875 0.06875
5 0.5359375 0.746875 0.046875 0.06875
20 0.5828125 0.746875 0.046875 0.06875
32 0.63125 0.7484375 0.046875 0.0703125
32 0.6828125 0.746875 0.0484375 0.06875
32 0.7296875 0.746875 0.046875 0.06875
30 0.79375 0.746875 0.046875 0.06875