11 0.7265625 0.034375 0.040625 0.0265625
20 0.74375 0.221875 0.015625 0.028125
17 0.74375 0.2453125 0.0171875 0.025
23 0.746875 0.275 0.0140625 0.03125
10 0.74375 0.3015625 0.015625 0.025
7 0.74375 0.3265625 0.0171875 0.025
4 0.7453125 0.35625 0.0125 0.03125
14 0.74375 0.3828125 0.0171875 0.025
14 0.74375 0.4078125 0.0171875 0.0234375
14 0.746875 0.4375 0.0125 0.03125
1 0.634375 0.4875 0.021875 0.0265625
25 0.6359375 0.515625 0.0203125 0.025
33 0.6359375 0.5421875 0.0203125 0.025
30 0.634375 0.5703125 0.021875 0.025
29 0.740625 0.803125 0.0171875 0.028125
29 0.721875 0.8046875 0.0140625 0.0359375
29 0.7078125 0.8078125 0.015625 0.0328125
7 0.6921875 0.8140625 0.015625 0.0359375
4 0.6765625 0.81875 0.015625 0.0359375
10 0.65625 0.828125 0.0203125 0.0296875
24 0.5515625 0.615625 0.0203125 0.0375
21 0.5296875 0.61875 0.021875 0.0390625
28 0.5078125 0.621875 0.01875 0.0375
28 0.6125 0.3859375 0.0171875 0.0375
10 0.5921875 0.384375 0.0171875 0.0375
2 0.5734375 0.38125 0.0203125 0.0375
12 0.5515625 0.378125 0.01875 0.0390625
3 0.53125 0.378125 0.0234375 0.0390625
5 0.509375 0.375 0.01875 0.0390625
30 0.4765625 0.4171875 0.028125 0.0296875
0 0.475 0.45 0.028125 0.028125
29 0.475 0.48125 0.0265625 0.028125
5 0.4765625 0.5125 0.028125 0.03125
24 0.446875 0.1078125 0.0328125 0.0390625
18 0.41875 0.103125 0.025 0.0453125
21 0.3921875 0.0953125 0.025 0.0484375
0 0.3609375 0.0796875 0.0375 0.0421875
3 0.328125 0.075 0.025 0.0484375
6 0.2984375 0.065625 0.028125 0.0515625
18 0.253125 0.14375 0.0703125 0.0453125
21 0.253125 0.1921875 0.0671875 0.0453125
24 0.253125 0.240625 0.06875 0.046875
19 0.253125 0.290625 0.0671875 0.046875
22 0.253125 0.3390625 0.06875 0.0453125
22 0.253125 0.3875 0.06875 0.046875
2 0.253125 0.4375 0.06875 0.046875
2 0.253125 0.4859375 0.06875 0.046875
5 0.253125 0.5359375 0.06875 0.046875
20 0.253125 0.5828125 0.06875 0.046875
32 0.2515625 0.63125 0.0703125 0.046875
32 0.253125 0.6828125 0.06875 0.0484375
32 0.253125 0.7296875 0.06875 0.046875
30 0.253125 0.79375 0.06875 0.046875