31 0.034375 0.2734375 0.028125 0.0390625
15 0.0625 0.2734375 0.028125 0.0390625
10 0.309375 0.3890625 0.0359375 0.0171875
29 0.346875 0.3890625 0.034375 0.01875
22 0.3453125 0.4078125 0.034375 0.0203125
23 0.34375 0.4265625 0.0359375 0.01875
7 0.3390625 0.446875 0.0390625 0.01875
18 0.3375 0.4671875 0.0375 0.01875
5 0.3359375 0.4890625 0.0390625 0.0203125
32 0.3859375 0.3890625 0.0359375 0.01875
32 0.459375 0.365625 0.0265625 0.0234375
32 0.4875 0.3671875 0.025 0.0203125
24 0.384375 0.40625 0.0359375 0.0171875
27 0.3828125 0.4265625 0.0375 0.01875
1 0.3796875 0.4484375 0.0390625 0.0203125
24 0.3796875 0.46875 0.0375 0.021875
26 0.3765625 0.4890625 0.0390625 0.01875
31 0.4171875 0.5234375 0.0296875 0.0296875
31 0.578125 0.525 0.028125 0.0296875
30 0.4484375 0.525 0.0296875 0.03125
30 0.6171875 0.4703125 0.0375 0.0203125
26 0.4796875 0.5234375 0.03125 0.03125
28 0.5140625 0.525 0.03125 0.03125
27 0.5453125 0.525 0.03125 0.028125
27 0.5125 0.5578125 0.0296875 0.0296875
27 0.415625 0.55625 0.03125 0.0296875
2 0.446875 0.55625 0.03125 0.0296875
29 0.48125 0.55625 0.0296875 0.0296875
33 0.096875 0.6078125 0.046875 0.0234375
33 0.0859375 0.6359375 0.046875 0.0265625
33 0.0796875 0.6625 0.0484375 0.025
33 0.0609375 0.696875 0.0421875 0.0359375
6 0.1453125 0.746875 0.046875 0.06875
15 0.1921875 0.746875 0.046875 0.06875
18 0.240625 0.746875 0.046875 0.06875
4 0.290625 0.746875 0.0484375 0.06875
4 0.3390625 0.746875 0.04375 0.06875
7 0.3890625 0.746875 0.0484375 0.0671875
7 0.7953125 0.746875 0.0484375 0.06875
13 0.4375 0.7484375 0.046875 0.06875
13 0.4859375 0.746875 0.0453125 0.0671875
19 0.534375 0.746875 0.046875 0.0671875
22 0.584375 0.746875 0.0484375 0.06875
25 0.6328125 0.7484375 0.046875 0.0671875
5 0.68125 0.746875 0.046875 0.0671875
11 0.7296875 0.746875 0.0484375 0.0703125
24 0.621875 0.4921875 0.0375 0.01875
0 0.6625 0.4921875 0.0375 0.01875
0 0.6578125 0.4703125 0.0421875 0.021875
2 0.6546875 0.45 0.0375 0.0203125
25 0.6171875 0.4484375 0.0375 0.0203125
0 0.6546875 0.428125 0.0390625 0.01875
28 0.6140625 0.4296875 0.0359375 0.0203125
29 0.6125 0.409375 0.0375 0.01875
29 0.6109375 0.390625 0.034375 0.0171875
1 0.43125 0.3671875 0.025 0.021875
1 0.515625 0.365625 0.0265625 0.021875
28 0.5421875 0.365625 0.025 0.021875
30 0.5703125 0.365625 0.025 0.0203125
5 0.4609375 0.3421875 0.025 0.0234375
10 0.4875 0.3421875 0.025 0.021875
23 0.5140625 0.3421875 0.0265625 0.025
24 0.540625 0.3421875 0.025 0.021875
26 0.56875 0.3421875 0.0265625 0.0234375
20 0.8125 0.2890625 0.028125 0.0203125
17 0.803125 0.271875 0.0328125 0.015625
23 0.796875 0.2578125 0.0359375 0.0140625
2 0.6515625 0.409375 0.0375 0.01875