31 0.2734375 0.965625 0.0390625 0.028125
15 0.2734375 0.9375 0.0390625 0.028125
10 0.3890625 0.690625 0.0171875 0.0359375
29 0.3890625 0.653125 0.01875 0.034375
22 0.4078125 0.6546875 0.0203125 0.034375
23 0.4265625 0.65625 0.01875 0.0359375
7 0.446875 0.6609375 0.01875 0.0390625
18 0.4671875 0.6625 0.01875 0.0375
5 0.4890625 0.6640625 0.0203125 0.0390625
32 0.3890625 0.6140625 0.01875 0.0359375
32 0.365625 0.540625 0.0234375 0.0265625
32 0.3671875 0.5125 0.0203125 0.025
24 0.40625 0.615625 0.0171875 0.0359375
27 0.4265625 0.6171875 0.01875 0.0375
1 0.4484375 0.6203125 0.0203125 0.0390625
24 0.46875 0.6203125 0.021875 0.0375
26 0.4890625 0.6234375 0.01875 0.0390625
31 0.5234375 0.5828125 0.0296875 0.0296875
31 0.525 0.421875 0.0296875 0.028125
30 0.525 0.5515625 0.03125 0.0296875
30 0.4703125 0.3828125 0.0203125 0.0375
26 0.5234375 0.5203125 0.03125 0.03125
28 0.525 0.4859375 0.03125 0.03125
27 0.525 0.4546875 0.028125 0.03125
27 0.5578125 0.4875 0.0296875 0.0296875
27 0.55625 0.584375 0.0296875 0.03125
2 0.55625 0.553125 0.0296875 0.03125
29 0.55625 0.51875 0.0296875 0.0296875
33 0.6078125 0.903125 0.0234375 0.046875
33 0.6359375 0.9140625 0.0265625 0.046875
33 0.6625 0.9203125 0.025 0.0484375
33 0.696875 0.9390625 0.0359375 0.0421875
6 0.746875 0.8546875 0.06875 0.046875
15 0.746875 0.8078125 0.06875 0.046875
18 0.746875 0.759375 0.06875 0.046875
4 0.746875 0.709375 0.06875 0.0484375
4 0.746875 0.6609375 0.06875 0.04375
7 0.746875 0.6109375 0.0671875 0.0484375
7 0.746875 0.2046875 0.06875 0.0484375
13 0.7484375 0.5625 0.06875 0.046875
13 0.746875 0.5140625 0.0671875 0.0453125
19 0.746875 0.465625 0.0671875 0.046875
22 0.746875 0.415625 0.06875 0.0484375
25 0.7484375 0.3671875 0.0671875 0.046875
5 0.746875 0.31875 0.0671875 0.046875
11 0.746875 0.2703125 0.0703125 0.0484375
24 0.4921875 0.378125 0.01875 0.0375
0 0.4921875 0.3375 0.01875 0.0375
0 0.4703125 0.3421875 0.021875 0.0421875
2 0.45 0.3453125 0.0203125 0.0375
25 0.4484375 0.3828125 0.0203125 0.0375
0 0.428125 0.3453125 0.01875 0.0390625
28 0.4296875 0.3859375 0.0203125 0.0359375
29 0.409375 0.3875 0.01875 0.0375
29 0.390625 0.3890625 0.0171875 0.034375
1 0.3671875 0.56875 0.021875 0.025
1 0.365625 0.484375 0.021875 0.0265625
28 0.365625 0.4578125 0.021875 0.025
30 0.365625 0.4296875 0.0203125 0.025
5 0.3421875 0.5390625 0.0234375 0.025
10 0.3421875 0.5125 0.021875 0.025
23 0.3421875 0.4859375 0.025 0.0265625
24 0.3421875 0.459375 0.021875 0.025
26 0.3421875 0.43125 0.0234375 0.0265625
20 0.2890625 0.1875 0.0203125 0.028125
17 0.271875 0.196875 0.015625 0.0328125
23 0.2578125 0.203125 0.0140625 0.0359375
2 0.409375 0.3484375 0.01875 0.0375