17 0.9078125 0.534375 0.1421875 0.1171875
21 0.86875 0.375 0.1453125 0.178125
12 0.7578125 0.53125 0.14375 0.1234375
6 0.715625 0.3734375 0.1421875 0.18125
32 0.6046875 0.5296875 0.1390625 0.1203125
33 0.5609375 0.3703125 0.146875 0.1734375
9 0.459375 0.53125 0.134375 0.11875
28 0.403125 0.3765625 0.146875 0.1796875
3 0.3078125 0.5296875 0.1375 0.11875
0 0.2640625 0.65625 0.14375 0.115625
5 0.1296875 0.528125 0.196875 0.1046875
32 0.2546875 0.375 0.14375 0.171875
11 0.115625 0.6515625 0.1390625 0.128125
28 0.1 0.3515625 0.140625 0.028125
1 0.1 0.375 0.1484375 0.18125