17 0.0921875 0.465625 0.1421875 0.1171875
21 0.13125 0.625 0.1453125 0.178125
12 0.2421875 0.46875 0.14375 0.1234375
6 0.284375 0.6265625 0.1421875 0.18125
32 0.3953125 0.4703125 0.1390625 0.1203125
33 0.4390625 0.6296875 0.146875 0.1734375
9 0.540625 0.46875 0.134375 0.11875
28 0.596875 0.6234375 0.146875 0.1796875
3 0.6921875 0.4703125 0.1375 0.11875
0 0.7359375 0.34375 0.14375 0.115625
5 0.8703125 0.471875 0.196875 0.1046875
32 0.7453125 0.625 0.14375 0.171875
11 0.884375 0.3484375 0.1390625 0.128125
28 0.9 0.6484375 0.140625 0.028125
1 0.9 0.625 0.1484375 0.18125