4 0.034375 0.275 0.0265625 0.0359375
3 0.14375 0.746875 0.046875 0.06875
7 0.1921875 0.746875 0.046875 0.0671875
10 0.2421875 0.7484375 0.0484375 0.0671875
16 0.290625 0.7484375 0.046875 0.06875
16 0.3390625 0.746875 0.046875 0.0671875
16 0.3890625 0.7484375 0.046875 0.0671875
19 0.4375 0.746875 0.0484375 0.0671875
5 0.4859375 0.7484375 0.05 0.0671875
8 0.534375 0.7484375 0.046875 0.0671875
11 0.5828125 0.746875 0.046875 0.0671875
13 0.6484375 0.746875 0.0484375 0.0671875
11 0.84375 0.740625 0.05 0.03125
5 0.884375 0.7359375 0.04375 0.0375
8 0.9234375 0.7359375 0.0421875 0.0359375
21 0.2203125 0.25625 0.025 0.01875
15 0.2453125 0.25625 0.0265625 0.0171875
18 0.275 0.2546875 0.0328125 0.0140625
22 0.3015625 0.2578125 0.0234375 0.01875
16 0.3265625 0.25625 0.0234375 0.01875
19 0.35625 0.2546875 0.0328125 0.0140625
21 0.3484375 0.3875 0.0359375 0.0171875
29 0.3453125 0.4078125 0.0359375 0.0171875
31 0.34375 0.4265625 0.0375 0.01875
26 0.3390625 0.446875 0.0390625 0.0203125
28 0.3859375 0.3890625 0.0375 0.01875
30 0.384375 0.4078125 0.034375 0.01875
25 0.3828125 0.428125 0.034375 0.01875
25 0.56875 0.3421875 0.025 0.021875
33 0.38125 0.446875 0.0390625 0.0203125
33 0.3796875 0.46875 0.0375 0.0203125
30 0.3765625 0.490625 0.0375 0.01875
30 0.6171875 0.4484375 0.0390625 0.0203125
32 0.45 0.525 0.0296875 0.03125
32 0.6171875 0.4703125 0.0375 0.0203125
28 0.4171875 0.525 0.0328125 0.0296875
28 0.5421875 0.3421875 0.025 0.0234375
31 0.4828125 0.5234375 0.0296875 0.0296875
31 0.515625 0.525 0.03125 0.03125
1 0.546875 0.525 0.03125 0.0265625
23 0.578125 0.5234375 0.0296875 0.0296875
17 0.4125 0.55625 0.0328125 0.028125
21 0.446875 0.5578125 0.0296875 0.0296875
6 0.48125 0.5578125 0.0296875 0.03125
0 0.5140625 0.5578125 0.028125 0.0296875
25 0.621875 0.490625 0.0390625 0.0203125
2 0.6609375 0.4890625 0.03125 0.028125
17 0.6578125 0.4625 0.0375 0.0203125
5 0.6125 0.428125 0.0359375 0.01875
6 0.6125 0.409375 0.0359375 0.01875
2 0.6109375 0.390625 0.0359375 0.0171875
0 0.5703125 0.365625 0.025 0.021875
29 0.5421875 0.3640625 0.025 0.021875
32 0.5140625 0.365625 0.0234375 0.01875
2 0.5140625 0.3421875 0.025 0.021875
5 0.4875 0.340625 0.025 0.0234375
1 0.4859375 0.365625 0.025 0.021875
24 0.459375 0.365625 0.0265625 0.01875
24 0.43125 0.3640625 0.0265625 0.0203125