4 0.275 0.965625 0.0359375 0.0265625
3 0.746875 0.85625 0.06875 0.046875
7 0.746875 0.8078125 0.0671875 0.046875
10 0.7484375 0.7578125 0.0671875 0.0484375
16 0.7484375 0.709375 0.06875 0.046875
16 0.746875 0.6609375 0.0671875 0.046875
16 0.7484375 0.6109375 0.0671875 0.046875
19 0.746875 0.5625 0.0671875 0.0484375
5 0.7484375 0.5140625 0.0671875 0.05
8 0.7484375 0.465625 0.0671875 0.046875
11 0.746875 0.4171875 0.0671875 0.046875
13 0.746875 0.3515625 0.0671875 0.0484375
11 0.740625 0.15625 0.03125 0.05
5 0.7359375 0.115625 0.0375 0.04375
8 0.7359375 0.0765625 0.0359375 0.0421875
21 0.25625 0.7796875 0.01875 0.025
15 0.25625 0.7546875 0.0171875 0.0265625
18 0.2546875 0.725 0.0140625 0.0328125
22 0.2578125 0.6984375 0.01875 0.0234375
16 0.25625 0.6734375 0.01875 0.0234375
19 0.2546875 0.64375 0.0140625 0.0328125
21 0.3875 0.6515625 0.0171875 0.0359375
29 0.4078125 0.6546875 0.0171875 0.0359375
31 0.4265625 0.65625 0.01875 0.0375
26 0.446875 0.6609375 0.0203125 0.0390625
28 0.3890625 0.6140625 0.01875 0.0375
30 0.4078125 0.615625 0.01875 0.034375
25 0.428125 0.6171875 0.01875 0.034375
25 0.3421875 0.43125 0.021875 0.025
33 0.446875 0.61875 0.0203125 0.0390625
33 0.46875 0.6203125 0.0203125 0.0375
30 0.490625 0.6234375 0.01875 0.0375
30 0.4484375 0.3828125 0.0203125 0.0390625
32 0.525 0.55 0.03125 0.0296875
32 0.4703125 0.3828125 0.0203125 0.0375
28 0.525 0.5828125 0.0296875 0.0328125
28 0.3421875 0.4578125 0.0234375 0.025
31 0.5234375 0.5171875 0.0296875 0.0296875
31 0.525 0.484375 0.03125 0.03125
1 0.525 0.453125 0.0265625 0.03125
23 0.5234375 0.421875 0.0296875 0.0296875
17 0.55625 0.5875 0.028125 0.0328125
21 0.5578125 0.553125 0.0296875 0.0296875
6 0.5578125 0.51875 0.03125 0.0296875
0 0.5578125 0.4859375 0.0296875 0.028125
25 0.490625 0.378125 0.0203125 0.0390625
2 0.4890625 0.3390625 0.028125 0.03125
17 0.4625 0.3421875 0.0203125 0.0375
5 0.428125 0.3875 0.01875 0.0359375
6 0.409375 0.3875 0.01875 0.0359375
2 0.390625 0.3890625 0.0171875 0.0359375
0 0.365625 0.4296875 0.021875 0.025
29 0.3640625 0.4578125 0.021875 0.025
32 0.365625 0.4859375 0.01875 0.0234375
2 0.3421875 0.4859375 0.021875 0.025
5 0.340625 0.5125 0.0234375 0.025
1 0.365625 0.5140625 0.021875 0.025
24 0.365625 0.540625 0.01875 0.0265625
24 0.3640625 0.56875 0.0203125 0.0265625