19 0.040625 0.2640625 0.025 0.0359375
18 0.0703125 0.2640625 0.025 0.0359375
11 0.1015625 0.2640625 0.025 0.0359375
31 0.1515625 0.7375 0.046875 0.0671875
31 0.2015625 0.7375 0.0421875 0.0625
32 0.2515625 0.7375 0.0421875 0.0609375
33 0.5296875 0.73125 0.028125 0.0359375
33 0.5671875 0.728125 0.0328125 0.0375
33 0.6484375 0.7359375 0.04375 0.028125
33 0.6046875 0.7296875 0.034375 0.0359375
2 0.3015625 0.7390625 0.04375 0.0625
17 0.0859375 0.63125 0.0328125 0.0359375
23 0.071875 0.696875 0.046875 0.0265625
20 0.08125 0.665625 0.040625 0.025
26 0.6984375 0.734375 0.04375 0.025
26 0.740625 0.728125 0.0359375 0.0359375
26 0.7796875 0.728125 0.0359375 0.0359375
25 0.815625 0.728125 0.0359375 0.0328125
25 0.859375 0.7359375 0.04375 0.028125
25 0.9 0.7265625 0.0328125 0.0328125
25 0.9421875 0.728125 0.034375 0.0328125
16 0.425 0.546875 0.0265625 0.028125
30 0.4296875 0.5140625 0.0265625 0.028125
9 0.459375 0.5453125 0.025 0.0296875
3 0.459375 0.5140625 0.028125 0.0265625
7 0.49375 0.546875 0.0265625 0.025
15 0.49375 0.5140625 0.0265625 0.028125
1 0.5265625 0.546875 0.0265625 0.025
10 0.525 0.5140625 0.025 0.028125
13 0.5578125 0.515625 0.025 0.0265625
16 0.5890625 0.5140625 0.0234375 0.0265625
27 0.3859375 0.48125 0.0359375 0.015625
24 0.3921875 0.4171875 0.0359375 0.015625
27 0.3953125 0.396875 0.034375 0.015625
28 0.3890625 0.4578125 0.0359375 0.01875
2 0.390625 0.4375 0.034375 0.015625
0 0.396875 0.375 0.0359375 0.015625
22 0.4421875 0.353125 0.021875 0.0234375
1 0.4703125 0.3546875 0.0234375 0.021875
28 0.5 0.3546875 0.021875 0.021875
1 0.528125 0.353125 0.0234375 0.0234375
19 0.55625 0.3546875 0.025 0.021875
21 0.584375 0.3546875 0.0234375 0.0234375
30 0.6328125 0.48125 0.0359375 0.0171875
24 0.6296875 0.459375 0.0359375 0.0171875
6 0.6296875 0.4390625 0.0359375 0.015625
2 0.628125 0.41875 0.034375 0.015625
30 0.625 0.3984375 0.0328125 0.0171875
6 0.6234375 0.378125 0.0328125 0.0140625
18 0.678125 0.48125 0.0359375 0.01875
26 0.671875 0.459375 0.034375 0.015625
23 0.671875 0.4375 0.0359375 0.0203125