19 0.2640625 0.959375 0.0359375 0.025
18 0.2640625 0.9296875 0.0359375 0.025
11 0.2640625 0.8984375 0.0359375 0.025
31 0.7375 0.8484375 0.0671875 0.046875
31 0.7375 0.7984375 0.0625 0.0421875
32 0.7375 0.7484375 0.0609375 0.0421875
33 0.73125 0.4703125 0.0359375 0.028125
33 0.728125 0.4328125 0.0375 0.0328125
33 0.7359375 0.3515625 0.028125 0.04375
33 0.7296875 0.3953125 0.0359375 0.034375
2 0.7390625 0.6984375 0.0625 0.04375
17 0.63125 0.9140625 0.0359375 0.0328125
23 0.696875 0.928125 0.0265625 0.046875
20 0.665625 0.91875 0.025 0.040625
26 0.734375 0.3015625 0.025 0.04375
26 0.728125 0.259375 0.0359375 0.0359375
26 0.728125 0.2203125 0.0359375 0.0359375
25 0.728125 0.184375 0.0328125 0.0359375
25 0.7359375 0.140625 0.028125 0.04375
25 0.7265625 0.1 0.0328125 0.0328125
25 0.728125 0.0578125 0.0328125 0.034375
16 0.546875 0.575 0.028125 0.0265625
30 0.5140625 0.5703125 0.028125 0.0265625
9 0.5453125 0.540625 0.0296875 0.025
3 0.5140625 0.540625 0.0265625 0.028125
7 0.546875 0.50625 0.025 0.0265625
15 0.5140625 0.50625 0.028125 0.0265625
1 0.546875 0.4734375 0.025 0.0265625
10 0.5140625 0.475 0.028125 0.025
13 0.515625 0.4421875 0.0265625 0.025
16 0.5140625 0.4109375 0.0265625 0.0234375
27 0.48125 0.6140625 0.015625 0.0359375
24 0.4171875 0.6078125 0.015625 0.0359375
27 0.396875 0.6046875 0.015625 0.034375
28 0.4578125 0.6109375 0.01875 0.0359375
2 0.4375 0.609375 0.015625 0.034375
0 0.375 0.603125 0.015625 0.0359375
22 0.353125 0.5578125 0.0234375 0.021875
1 0.3546875 0.5296875 0.021875 0.0234375
28 0.3546875 0.5 0.021875 0.021875
1 0.353125 0.471875 0.0234375 0.0234375
19 0.3546875 0.44375 0.021875 0.025
21 0.3546875 0.415625 0.0234375 0.0234375
30 0.48125 0.3671875 0.0171875 0.0359375
24 0.459375 0.3703125 0.0171875 0.0359375
6 0.4390625 0.3703125 0.015625 0.0359375
2 0.41875 0.371875 0.015625 0.034375
30 0.3984375 0.375 0.0171875 0.0328125
6 0.378125 0.3765625 0.0140625 0.0328125
18 0.48125 0.321875 0.01875 0.0359375
26 0.459375 0.328125 0.015625 0.034375
23 0.4375 0.328125 0.0203125 0.0359375