0 0.184375 0.684375 0.0421875 0.059375
0 0.228125 0.684375 0.040625 0.0625
0 0.271875 0.6828125 0.0421875 0.0625
33 0.6453125 0.459375 0.0359375 0.0171875
0 0.640625 0.4390625 0.03125 0.0171875
6 0.315625 0.684375 0.040625 0.0609375
1 0.4015625 0.6828125 0.040625 0.059375
1 0.4453125 0.684375 0.0359375 0.0625
18 0.484375 0.5140625 0.028125 0.0265625
19 0.5140625 0.5171875 0.0265625 0.0296875
3 0.4828125 0.4875 0.025 0.025
1 0.5109375 0.4859375 0.0234375 0.0234375
10 0.4875 0.68125 0.0421875 0.0609375
16 0.5328125 0.6828125 0.0390625 0.0609375
16 0.575 0.684375 0.0390625 0.059375
17 0.61875 0.68125 0.0359375 0.0609375
16 0.353125 0.4578125 0.0328125 0.01875
20 0.6625 0.684375 0.0375 0.059375
23 0.6390625 0.4 0.0375 0.015625
20 0.6328125 0.384375 0.03125 0.015625
15 0.5375 0.346875 0.0234375 0.0203125
20 0.5625 0.346875 0.0203125 0.0203125
29 0.70625 0.684375 0.0390625 0.0609375
3 0.390625 0.4578125 0.03125 0.0203125
29 0.3921875 0.4375 0.0328125 0.01875
2 0.7609375 0.68125 0.0453125 0.05625
13 0.3640625 0.3828125 0.03125 0.015625
2 0.3671875 0.3640625 0.0296875 0.015625
11 0.115625 0.646875 0.040625 0.0265625
28 0.6015625 0.4015625 0.0375 0.015625
11 0.6 0.384375 0.03125 0.0140625
32 0.6078125 0.4578125 0.03125 0.01875
15 0.4640625 0.3453125 0.0203125 0.01875
32 0.4890625 0.346875 0.021875 0.0203125
33 0.54375 0.515625 0.028125 0.0265625
31 0.5390625 0.4859375 0.0234375 0.025
9 0.359375 0.4171875 0.028125 0.0140625
31 0.3625 0.4 0.03125 0.015625
21 0.3953125 0.4171875 0.0328125 0.01875
31 0.396875 0.4 0.0328125 0.015625
9 0.359375 0.6828125 0.040625 0.059375
8 0.1234375 0.6203125 0.040625 0.028125
5 0.1265625 0.5890625 0.0328125 0.03125
5 0.571875 0.5171875 0.0265625 0.028125
22 0.4234375 0.5453125 0.0296875 0.0296875
26 0.425 0.5171875 0.0265625 0.0265625
19 0.45625 0.5171875 0.0265625 0.028125
30 0.515625 0.346875 0.0265625 0.01875
16 0.4421875 0.3265625 0.0234375 0.0203125
28 0.465625 0.325 0.0203125 0.0171875
24 0.4890625 0.325 0.021875 0.01875
33 0.5140625 0.3265625 0.025 0.01875
19 0.5375 0.3234375 0.01875 0.0203125
26 0.5609375 0.325 0.021875 0.01875
13 0.559375 0.3046875 0.025 0.01875
27 0.7734375 0.2796875 0.03125 0.0109375
27 0.7734375 0.2671875 0.0234375 0.0171875
27 0.7640625 0.25 0.0296875 0.0125
25 0.3328125 0.365625 0.0296875 0.015625
25 0.6390625 0.4171875 0.0359375 0.0140625
28 0.60625 0.4390625 0.0359375 0.0171875
25 0.603125 0.4203125 0.034375 0.015625
7 0.428125 0.4859375 0.025 0.0265625
25 0.440625 0.346875 0.0234375 0.0203125
26 0.3984375 0.3828125 0.03125 0.015625
33 0.4 0.365625 0.0296875 0.0171875
6 0.4546875 0.4859375 0.0234375 0.025
18 0.56875 0.4859375 0.028125 0.028125
8 0.3546875 0.4359375 0.0328125 0.015625
18 0.6828125 0.4578125 0.040625 0.0171875
30 0.678125 0.4375 0.0359375 0.0171875
32 0.5984375 0.3671875 0.0328125 0.0140625
18 0.6328125 0.3671875 0.03125 0.015625
22 0.0875 0.26875 0.021875 0.0296875