0 0.315625 0.184375 0.059375 0.0421875
0 0.315625 0.228125 0.0625 0.040625
0 0.3171875 0.271875 0.0625 0.0421875
33 0.540625 0.6453125 0.0171875 0.0359375
0 0.5609375 0.640625 0.0171875 0.03125
6 0.315625 0.315625 0.0609375 0.040625
1 0.3171875 0.4015625 0.059375 0.040625
1 0.315625 0.4453125 0.0625 0.0359375
18 0.4859375 0.484375 0.0265625 0.028125
19 0.4828125 0.5140625 0.0296875 0.0265625
3 0.5125 0.4828125 0.025 0.025
1 0.5140625 0.5109375 0.0234375 0.0234375
10 0.31875 0.4875 0.0609375 0.0421875
16 0.3171875 0.5328125 0.0609375 0.0390625
16 0.315625 0.575 0.059375 0.0390625
17 0.31875 0.61875 0.0609375 0.0359375
16 0.5421875 0.353125 0.01875 0.0328125
20 0.315625 0.6625 0.059375 0.0375
23 0.6 0.6390625 0.015625 0.0375
20 0.615625 0.6328125 0.015625 0.03125
15 0.653125 0.5375 0.0203125 0.0234375
20 0.653125 0.5625 0.0203125 0.0203125
29 0.315625 0.70625 0.0609375 0.0390625
3 0.5421875 0.390625 0.0203125 0.03125
29 0.5625 0.3921875 0.01875 0.0328125
2 0.31875 0.7609375 0.05625 0.0453125
13 0.6171875 0.3640625 0.015625 0.03125
2 0.6359375 0.3671875 0.015625 0.0296875
11 0.353125 0.115625 0.0265625 0.040625
28 0.5984375 0.6015625 0.015625 0.0375
11 0.615625 0.6 0.0140625 0.03125
32 0.5421875 0.6078125 0.01875 0.03125
15 0.6546875 0.4640625 0.01875 0.0203125
32 0.653125 0.4890625 0.0203125 0.021875
33 0.484375 0.54375 0.0265625 0.028125
31 0.5140625 0.5390625 0.025 0.0234375
9 0.5828125 0.359375 0.0140625 0.028125
31 0.6 0.3625 0.015625 0.03125
21 0.5828125 0.3953125 0.01875 0.0328125
31 0.6 0.396875 0.015625 0.0328125
9 0.3171875 0.359375 0.059375 0.040625
8 0.3796875 0.1234375 0.028125 0.040625
5 0.4109375 0.1265625 0.03125 0.0328125
5 0.4828125 0.571875 0.028125 0.0265625
22 0.4546875 0.4234375 0.0296875 0.0296875
26 0.4828125 0.425 0.0265625 0.0265625
19 0.4828125 0.45625 0.028125 0.0265625
30 0.653125 0.515625 0.01875 0.0265625
16 0.6734375 0.4421875 0.0203125 0.0234375
28 0.675 0.465625 0.0171875 0.0203125
24 0.675 0.4890625 0.01875 0.021875
33 0.6734375 0.5140625 0.01875 0.025
19 0.6765625 0.5375 0.0203125 0.01875
26 0.675 0.5609375 0.01875 0.021875
13 0.6953125 0.559375 0.01875 0.025
27 0.7203125 0.7734375 0.0109375 0.03125
27 0.7328125 0.7734375 0.0171875 0.0234375
27 0.75 0.7640625 0.0125 0.0296875
25 0.634375 0.3328125 0.015625 0.0296875
25 0.5828125 0.6390625 0.0140625 0.0359375
28 0.5609375 0.60625 0.0171875 0.0359375
25 0.5796875 0.603125 0.015625 0.034375
7 0.5140625 0.428125 0.0265625 0.025
25 0.653125 0.440625 0.0203125 0.0234375
26 0.6171875 0.3984375 0.015625 0.03125
33 0.634375 0.4 0.0171875 0.0296875
6 0.5140625 0.4546875 0.025 0.0234375
18 0.5140625 0.56875 0.028125 0.028125
8 0.5640625 0.3546875 0.015625 0.0328125
18 0.5421875 0.6828125 0.0171875 0.040625
30 0.5625 0.678125 0.0171875 0.0359375
32 0.6328125 0.5984375 0.0140625 0.0328125
18 0.6328125 0.6328125 0.015625 0.03125
22 0.73125 0.0875 0.0296875 0.021875