15 0.1828125 0.7171875 0.034375 0.0515625
15 0.225 0.7171875 0.0359375 0.0515625
18 0.26875 0.71875 0.034375 0.053125
24 0.3125 0.7171875 0.034375 0.053125
19 0.35625 0.7171875 0.0375 0.053125
22 0.4 0.7171875 0.0328125 0.0546875
25 0.44375 0.7171875 0.040625 0.053125
2 0.4875 0.7171875 0.0359375 0.053125
2 0.53125 0.71875 0.0359375 0.05
8 0.575 0.71875 0.0375 0.053125
17 0.61875 0.7171875 0.0390625 0.053125
28 0.6609375 0.7171875 0.0390625 0.053125
28 0.70625 0.7171875 0.040625 0.053125
26 0.125 0.61875 0.0296875 0.0265625
20 0.11875 0.65 0.0390625 0.0203125
23 0.1125 0.675 0.040625 0.021875
29 0.4265625 0.515625 0.021875 0.0203125
3 0.4546875 0.515625 0.01875 0.021875
31 0.3984375 0.3953125 0.021875 0.0140625
25 0.396875 0.4125 0.028125 0.0140625
26 0.5625 0.375 0.0203125 0.01875
7 0.5390625 0.375 0.021875 0.01875
31 0.60625 0.4875 0.028125 0.0171875
30 0.6046875 0.46875 0.028125 0.0171875
30 0.084375 0.2984375 0.0203125 0.025