15 0.7171875 0.8171875 0.0515625 0.034375
15 0.7171875 0.775 0.0515625 0.0359375
18 0.71875 0.73125 0.053125 0.034375
24 0.7171875 0.6875 0.053125 0.034375
19 0.7171875 0.64375 0.053125 0.0375
22 0.7171875 0.6 0.0546875 0.0328125
25 0.7171875 0.55625 0.053125 0.040625
2 0.7171875 0.5125 0.053125 0.0359375
2 0.71875 0.46875 0.05 0.0359375
8 0.71875 0.425 0.053125 0.0375
17 0.7171875 0.38125 0.053125 0.0390625
28 0.7171875 0.3390625 0.053125 0.0390625
28 0.7171875 0.29375 0.053125 0.040625
26 0.61875 0.875 0.0265625 0.0296875
20 0.65 0.88125 0.0203125 0.0390625
23 0.675 0.8875 0.021875 0.040625
29 0.515625 0.5734375 0.0203125 0.021875
3 0.515625 0.5453125 0.021875 0.01875
31 0.3953125 0.6015625 0.0140625 0.021875
25 0.4125 0.603125 0.0140625 0.028125
26 0.375 0.4375 0.01875 0.0203125
7 0.375 0.4609375 0.01875 0.021875
31 0.4875 0.39375 0.0171875 0.028125
30 0.46875 0.3953125 0.0171875 0.028125
30 0.2984375 0.915625 0.025 0.0203125