6 0.815625 0.2828125 0.03125 0.05
18 0.7734375 0.2828125 0.03125 0.05
4 0.73125 0.30625 0.0328125 0.053125
7 0.6875 0.284375 0.0375 0.053125
7 0.64375 0.284375 0.0375 0.053125
14 0.6 0.2828125 0.0375 0.05
16 0.55625 0.284375 0.0359375 0.053125
19 0.5125 0.284375 0.0375 0.0546875
25 0.46875 0.284375 0.0390625 0.053125
5 0.425 0.284375 0.0375 0.0546875
8 0.38125 0.284375 0.0375 0.05625
23 0.3375 0.284375 0.0390625 0.05625
26 0.2953125 0.284375 0.0375 0.05625
22 0.2375 0.284375 0.034375 0.053125
27 0.575 0.484375 0.0203125 0.025
28 0.546875 0.484375 0.021875 0.025
32 0.6015625 0.60625 0.0234375 0.0140625
0 0.6046875 0.5890625 0.025 0.0125
26 0.6046875 0.571875 0.028125 0.0140625
31 0.60625 0.553125 0.025 0.0140625
0 0.609375 0.534375 0.028125 0.0140625
33 0.7 0.725 0.0234375 0.0109375
33 0.7265625 0.7234375 0.0171875 0.0140625
33 0.7484375 0.7234375 0.0171875 0.0140625
8 0.4375 0.625 0.0203125 0.01875
26 0.4625 0.6265625 0.0203125 0.01875
30 0.4875 0.625 0.01875 0.0171875
31 0.5125 0.6265625 0.01875 0.015625
26 0.5359375 0.625 0.01875 0.01875
29 0.234375 0.721875 0.0203125 0.009375
29 0.2296875 0.709375 0.0234375 0.0109375
29 0.221875 0.69375 0.0171875 0.0109375
6 0.21875 0.678125 0.025 0.009375
3 0.215625 0.6625 0.025 0.0109375
0 0.20625 0.646875 0.0203125 0.015625
14 0.3953125 0.5515625 0.0296875 0.015625
25 0.39375 0.5328125 0.0296875 0.015625
32 0.390625 0.5125 0.0265625 0.015625
11 0.915625 0.703125 0.01875 0.028125