6 0.2828125 0.184375 0.05 0.03125
18 0.2828125 0.2265625 0.05 0.03125
4 0.30625 0.26875 0.053125 0.0328125
7 0.284375 0.3125 0.053125 0.0375
7 0.284375 0.35625 0.053125 0.0375
14 0.2828125 0.4 0.05 0.0375
16 0.284375 0.44375 0.053125 0.0359375
19 0.284375 0.4875 0.0546875 0.0375
25 0.284375 0.53125 0.053125 0.0390625
5 0.284375 0.575 0.0546875 0.0375
8 0.284375 0.61875 0.05625 0.0375
23 0.284375 0.6625 0.05625 0.0390625
26 0.284375 0.7046875 0.05625 0.0375
22 0.284375 0.7625 0.053125 0.034375
27 0.484375 0.425 0.025 0.0203125
28 0.484375 0.453125 0.025 0.021875
32 0.60625 0.3984375 0.0140625 0.0234375
0 0.5890625 0.3953125 0.0125 0.025
26 0.571875 0.3953125 0.0140625 0.028125
31 0.553125 0.39375 0.0140625 0.025
0 0.534375 0.390625 0.0140625 0.028125
33 0.725 0.3 0.0109375 0.0234375
33 0.7234375 0.2734375 0.0140625 0.0171875
33 0.7234375 0.2515625 0.0140625 0.0171875
8 0.625 0.5625 0.01875 0.0203125
26 0.6265625 0.5375 0.01875 0.0203125
30 0.625 0.5125 0.0171875 0.01875
31 0.6265625 0.4875 0.015625 0.01875
26 0.625 0.4640625 0.01875 0.01875
29 0.721875 0.765625 0.009375 0.0203125
29 0.709375 0.7703125 0.0109375 0.0234375
29 0.69375 0.778125 0.0109375 0.0171875
6 0.678125 0.78125 0.009375 0.025
3 0.6625 0.784375 0.0109375 0.025
0 0.646875 0.79375 0.015625 0.0203125
14 0.5515625 0.6046875 0.015625 0.0296875
25 0.5328125 0.60625 0.015625 0.0296875
32 0.5125 0.609375 0.015625 0.0265625
11 0.703125 0.084375 0.028125 0.01875