9 0.71875 0.8171875 0.0484375 0.0328125
15 0.7171875 0.7734375 0.0515625 0.034375
15 0.7171875 0.73125 0.053125 0.0359375
18 0.7171875 0.6859375 0.05 0.03125
13 0.7171875 0.64375 0.053125 0.0375
16 0.7171875 0.5984375 0.053125 0.0375
19 0.7171875 0.55625 0.053125 0.0375
22 0.715625 0.5125 0.0546875 0.0328125
25 0.715625 0.46875 0.0546875 0.040625
2 0.715625 0.425 0.0546875 0.034375
2 0.715625 0.38125 0.053125 0.0359375
28 0.715625 0.3375 0.053125 0.0390625
28 0.715625 0.29375 0.0546875 0.0390625
33 0.540625 0.853125 0.021875 0.021875
33 0.5671875 0.853125 0.01875 0.03125
33 0.590625 0.8609375 0.01875 0.03125
26 0.6171875 0.875 0.028125 0.0296875
20 0.6484375 0.8796875 0.0203125 0.0375
23 0.675 0.8875 0.0234375 0.040625
29 0.515625 0.5734375 0.01875 0.0234375
3 0.515625 0.5453125 0.021875 0.0203125
17 0.515625 0.5171875 0.0234375 0.0234375
8 0.515625 0.4890625 0.0234375 0.0234375
24 0.515625 0.4609375 0.0234375 0.0203125
31 0.39375 0.6015625 0.0140625 0.021875
25 0.4109375 0.603125 0.0140625 0.0265625
0 0.4296875 0.60625 0.0125 0.0265625
18 0.4484375 0.60625 0.0125 0.028125
21 0.465625 0.609375 0.0140625 0.028125
26 0.375 0.4375 0.0171875 0.01875
7 0.3734375 0.4625 0.0171875 0.0203125
6 0.375 0.4859375 0.01875 0.01875
31 0.4875 0.39375 0.015625 0.025
30 0.4671875 0.3953125 0.0125 0.025
25 0.446875 0.3953125 0.015625 0.028125
12 0.4296875 0.396875 0.0125 0.0296875
12 0.4125 0.4 0.0125 0.028125
30 0.296875 0.915625 0.0265625 0.01875