9 0.1828125 0.71875 0.0328125 0.0484375
15 0.2265625 0.7171875 0.034375 0.0515625
15 0.26875 0.7171875 0.0359375 0.053125
18 0.3140625 0.7171875 0.03125 0.05
13 0.35625 0.7171875 0.0375 0.053125
16 0.4015625 0.7171875 0.0375 0.053125
19 0.44375 0.7171875 0.0375 0.053125
22 0.4875 0.715625 0.0328125 0.0546875
25 0.53125 0.715625 0.040625 0.0546875
2 0.575 0.715625 0.034375 0.0546875
2 0.61875 0.715625 0.0359375 0.053125
28 0.6625 0.715625 0.0390625 0.053125
28 0.70625 0.715625 0.0390625 0.0546875
33 0.146875 0.540625 0.021875 0.021875
33 0.146875 0.5671875 0.03125 0.01875
33 0.1390625 0.590625 0.03125 0.01875
26 0.125 0.6171875 0.0296875 0.028125
20 0.1203125 0.6484375 0.0375 0.0203125
23 0.1125 0.675 0.040625 0.0234375
29 0.4265625 0.515625 0.0234375 0.01875
3 0.4546875 0.515625 0.0203125 0.021875
17 0.4828125 0.515625 0.0234375 0.0234375
8 0.5109375 0.515625 0.0234375 0.0234375
24 0.5390625 0.515625 0.0203125 0.0234375
31 0.3984375 0.39375 0.021875 0.0140625
25 0.396875 0.4109375 0.0265625 0.0140625
0 0.39375 0.4296875 0.0265625 0.0125
18 0.39375 0.4484375 0.028125 0.0125
21 0.390625 0.465625 0.028125 0.0140625
26 0.5625 0.375 0.01875 0.0171875
7 0.5375 0.3734375 0.0203125 0.0171875
6 0.5140625 0.375 0.01875 0.01875
31 0.60625 0.4875 0.025 0.015625
30 0.6046875 0.4671875 0.025 0.0125
25 0.6046875 0.446875 0.028125 0.015625
12 0.603125 0.4296875 0.0296875 0.0125
12 0.6 0.4125 0.028125 0.0125
30 0.084375 0.296875 0.01875 0.0265625