9 0.8171875 0.28125 0.03125 0.05
15 0.7734375 0.2828125 0.0328125 0.0515625
15 0.7296875 0.2828125 0.0328125 0.0515625
18 0.6859375 0.2828125 0.034375 0.0515625
13 0.64375 0.2828125 0.0359375 0.0515625
16 0.6 0.2828125 0.034375 0.0515625
19 0.55625 0.2828125 0.0375 0.053125
22 0.5125 0.2828125 0.03125 0.053125
25 0.46875 0.2828125 0.0390625 0.05
2 0.425 0.2828125 0.0359375 0.05
2 0.38125 0.2828125 0.0359375 0.05
28 0.3375 0.2828125 0.0375 0.0515625
28 0.2953125 0.284375 0.0390625 0.0515625
10 0.2359375 0.2828125 0.034375 0.046875
33 0.8515625 0.459375 0.0234375 0.021875
33 0.853125 0.4328125 0.03125 0.01875
33 0.8609375 0.409375 0.03125 0.01875
26 0.875 0.3828125 0.0296875 0.028125
20 0.8796875 0.3515625 0.0375 0.01875
23 0.8875 0.325 0.040625 0.021875
29 0.5734375 0.484375 0.0234375 0.0203125
3 0.5453125 0.484375 0.0203125 0.021875
17 0.5171875 0.4859375 0.021875 0.021875
8 0.4890625 0.484375 0.0234375 0.0234375
24 0.4609375 0.484375 0.01875 0.0234375
31 0.6015625 0.6046875 0.021875 0.0140625
25 0.603125 0.5890625 0.0265625 0.0140625
0 0.60625 0.5703125 0.0265625 0.0125
18 0.60625 0.553125 0.0296875 0.0125
21 0.609375 0.534375 0.028125 0.0140625
4 0.6109375 0.5140625 0.0296875 0.0109375
26 0.4375 0.625 0.01875 0.0171875
7 0.4625 0.6265625 0.0203125 0.0171875
6 0.4859375 0.625 0.0171875 0.0171875
6 0.5109375 0.6265625 0.0171875 0.015625
19 0.5359375 0.6265625 0.0203125 0.0171875
1 0.2328125 0.721875 0.0203125 0.009375
1 0.225 0.70625 0.01875 0.0109375
1 0.225 0.6921875 0.0203125 0.0109375
31 0.3921875 0.5140625 0.025 0.015625
30 0.39375 0.5328125 0.0265625 0.0140625
25 0.3953125 0.5515625 0.028125 0.015625
12 0.396875 0.5703125 0.0296875 0.0125
12 0.4 0.5875 0.028125 0.0125
3 0.4 0.6046875 0.0265625 0.0125
30 0.915625 0.703125 0.01875 0.0265625