15 0.1828125 0.715625 0.0328125 0.05
15 0.225 0.715625 0.0328125 0.0515625
18 0.2703125 0.715625 0.0328125 0.0515625
10 0.3125 0.715625 0.0359375 0.05
13 0.35625 0.715625 0.0375 0.0515625
16 0.4 0.715625 0.0328125 0.0515625
19 0.44375 0.715625 0.0375 0.053125
22 0.4875 0.715625 0.03125 0.053125
25 0.53125 0.715625 0.0390625 0.053125
2 0.575 0.715625 0.0359375 0.053125
2 0.61875 0.715625 0.0359375 0.053125
28 0.6625 0.715625 0.0390625 0.053125
28 0.70625 0.715625 0.0375 0.053125
22 0.7625 0.715625 0.03125 0.053125
33 0.146875 0.5390625 0.0234375 0.021875
33 0.1453125 0.565625 0.0296875 0.01875
33 0.1390625 0.5875 0.03125 0.01875
26 0.125 0.615625 0.03125 0.0265625
20 0.1203125 0.646875 0.0390625 0.01875
23 0.1125 0.671875 0.040625 0.0203125
1 0.765625 0.2765625 0.0203125 0.009375
1 0.775 0.2921875 0.01875 0.0125
1 0.7765625 0.30625 0.021875 0.0109375
29 0.4265625 0.5140625 0.021875 0.01875
3 0.4546875 0.5140625 0.01875 0.021875
17 0.4828125 0.5125 0.0234375 0.0234375
8 0.5109375 0.5140625 0.0234375 0.025
24 0.5390625 0.5140625 0.0203125 0.0234375
9 0.5671875 0.515625 0.0203125 0.021875
9 0.425 0.54375 0.021875 0.0234375
31 0.3984375 0.39375 0.021875 0.0140625
25 0.396875 0.409375 0.0265625 0.0140625
0 0.3921875 0.428125 0.025 0.0125
18 0.39375 0.446875 0.0296875 0.0140625
21 0.390625 0.465625 0.028125 0.0140625
4 0.3890625 0.484375 0.0296875 0.0125
24 0.3640625 0.3921875 0.028125 0.0109375
31 0.3625 0.409375 0.021875 0.0140625
26 0.5625 0.371875 0.01875 0.0171875
7 0.5390625 0.371875 0.021875 0.0171875
6 0.5140625 0.3734375 0.0171875 0.01875
6 0.4890625 0.371875 0.0171875 0.01875
19 0.4640625 0.371875 0.0203125 0.01875
29 0.440625 0.371875 0.01875 0.0140625
26 0.5578125 0.3515625 0.0265625 0.0125
31 0.6078125 0.484375 0.025 0.015625
30 0.60625 0.465625 0.0265625 0.0140625
25 0.6046875 0.446875 0.028125 0.015625
12 0.603125 0.428125 0.0296875 0.0140625
12 0.6 0.4109375 0.028125 0.0140625
3 0.6 0.39375 0.0265625 0.0125
6 0.646875 0.484375 0.0296875 0.0140625
4 0.6421875 0.465625 0.0296875 0.0125
30 0.084375 0.2953125 0.0203125 0.025