15 0.284375 0.1828125 0.05 0.0328125
15 0.284375 0.225 0.0515625 0.0328125
18 0.284375 0.2703125 0.0515625 0.0328125
10 0.284375 0.3125 0.05 0.0359375
13 0.284375 0.35625 0.0515625 0.0375
16 0.284375 0.4 0.0515625 0.0328125
19 0.284375 0.44375 0.053125 0.0375
22 0.284375 0.4875 0.053125 0.03125
25 0.284375 0.53125 0.053125 0.0390625
2 0.284375 0.575 0.053125 0.0359375
2 0.284375 0.61875 0.053125 0.0359375
28 0.284375 0.6625 0.053125 0.0390625
28 0.284375 0.70625 0.053125 0.0375
22 0.284375 0.7625 0.053125 0.03125
33 0.4609375 0.146875 0.021875 0.0234375
33 0.434375 0.1453125 0.01875 0.0296875
33 0.4125 0.1390625 0.01875 0.03125
26 0.384375 0.125 0.0265625 0.03125
20 0.353125 0.1203125 0.01875 0.0390625
23 0.328125 0.1125 0.0203125 0.040625
1 0.7234375 0.765625 0.009375 0.0203125
1 0.7078125 0.775 0.0125 0.01875
1 0.69375 0.7765625 0.0109375 0.021875
29 0.4859375 0.4265625 0.01875 0.021875
3 0.4859375 0.4546875 0.021875 0.01875
17 0.4875 0.4828125 0.0234375 0.0234375
8 0.4859375 0.5109375 0.025 0.0234375
24 0.4859375 0.5390625 0.0234375 0.0203125
9 0.484375 0.5671875 0.021875 0.0203125
9 0.45625 0.425 0.0234375 0.021875
31 0.60625 0.3984375 0.0140625 0.021875
25 0.590625 0.396875 0.0140625 0.0265625
0 0.571875 0.3921875 0.0125 0.025
18 0.553125 0.39375 0.0140625 0.0296875
21 0.534375 0.390625 0.0140625 0.028125
4 0.515625 0.3890625 0.0125 0.0296875
24 0.6078125 0.3640625 0.0109375 0.028125
31 0.590625 0.3625 0.0140625 0.021875
26 0.628125 0.5625 0.0171875 0.01875
7 0.628125 0.5390625 0.0171875 0.021875
6 0.6265625 0.5140625 0.01875 0.0171875
6 0.628125 0.4890625 0.01875 0.0171875
19 0.628125 0.4640625 0.01875 0.0203125
29 0.628125 0.440625 0.0140625 0.01875
26 0.6484375 0.5578125 0.0125 0.0265625
31 0.515625 0.6078125 0.015625 0.025
30 0.534375 0.60625 0.0140625 0.0265625
25 0.553125 0.6046875 0.015625 0.028125
12 0.571875 0.603125 0.0140625 0.0296875
12 0.5890625 0.6 0.0140625 0.028125
3 0.60625 0.6 0.0125 0.0265625
6 0.515625 0.646875 0.0140625 0.0296875
4 0.534375 0.6421875 0.0125 0.0296875
30 0.7046875 0.084375 0.025 0.0203125