15 0.7140625 0.8171875 0.0515625 0.0296875
15 0.7140625 0.775 0.05 0.03125
18 0.715625 0.7296875 0.0515625 0.03125
10 0.715625 0.6875 0.0484375 0.034375
13 0.715625 0.64375 0.05 0.0375
16 0.7140625 0.5984375 0.0515625 0.034375
19 0.715625 0.55625 0.053125 0.0390625
22 0.715625 0.5125 0.053125 0.0328125
25 0.7140625 0.46875 0.0515625 0.0390625
2 0.715625 0.425 0.05 0.0359375
2 0.715625 0.38125 0.0515625 0.0359375
28 0.7140625 0.3375 0.053125 0.040625
28 0.7140625 0.29375 0.053125 0.0390625
33 0.5390625 0.8515625 0.021875 0.021875
33 0.565625 0.853125 0.01875 0.03125
33 0.5890625 0.8609375 0.01875 0.03125
26 0.615625 0.875 0.0265625 0.028125
20 0.646875 0.8796875 0.01875 0.0390625
23 0.6734375 0.8875 0.021875 0.040625
1 0.2765625 0.2328125 0.0109375 0.0203125
1 0.2921875 0.225 0.0125 0.01875
1 0.30625 0.2234375 0.0109375 0.0234375
27 0.321875 0.2203125 0.0109375 0.0234375
27 0.334375 0.215625 0.0109375 0.025
27 0.353125 0.20625 0.0171875 0.0171875
29 0.5140625 0.5734375 0.0203125 0.0234375
3 0.5140625 0.5453125 0.021875 0.021875
17 0.5125 0.5171875 0.0234375 0.021875
8 0.5140625 0.4890625 0.0234375 0.0234375
24 0.5140625 0.4609375 0.0234375 0.01875
9 0.515625 0.4328125 0.021875 0.0203125
9 0.54375 0.575 0.0234375 0.0203125
22 0.54375 0.5453125 0.0234375 0.0203125
24 0.5421875 0.515625 0.025 0.0203125
31 0.39375 0.6015625 0.0140625 0.0203125
25 0.409375 0.603125 0.0140625 0.0265625
0 0.428125 0.60625 0.0125 0.025
18 0.446875 0.60625 0.0125 0.028125
21 0.465625 0.609375 0.0140625 0.028125
4 0.484375 0.6109375 0.0125 0.0296875
24 0.39375 0.6359375 0.0125 0.028125
31 0.409375 0.6359375 0.0125 0.0265625
16 0.428125 0.640625 0.0125 0.0296875
21 0.4453125 0.64375 0.0140625 0.028125
26 0.3734375 0.4375 0.0171875 0.01875
7 0.371875 0.4609375 0.0171875 0.021875
6 0.371875 0.4859375 0.0171875 0.0171875
6 0.371875 0.5109375 0.0171875 0.015625
19 0.371875 0.5359375 0.0171875 0.01875
29 0.371875 0.559375 0.0140625 0.01875
26 0.3515625 0.4421875 0.0109375 0.028125
9 0.3515625 0.4703125 0.015625 0.0171875
23 0.3515625 0.4953125 0.0171875 0.0203125
3 0.35 0.51875 0.015625 0.0171875
31 0.484375 0.3921875 0.015625 0.025
30 0.465625 0.39375 0.0140625 0.028125
25 0.446875 0.3953125 0.0140625 0.0296875
12 0.428125 0.396875 0.0125 0.0296875
12 0.4109375 0.4 0.0125 0.028125
3 0.39375 0.4 0.0109375 0.0265625
6 0.484375 0.3546875 0.0125 0.028125
4 0.465625 0.3578125 0.0125 0.0296875
5 0.446875 0.359375 0.009375 0.0296875
5 0.428125 0.3625 0.0125 0.03125
7 0.4109375 0.365625 0.0140625 0.028125
30 0.2953125 0.915625 0.025 0.01875