15 0.1828125 0.7140625 0.0296875 0.0515625
15 0.225 0.7140625 0.03125 0.05
18 0.2703125 0.715625 0.03125 0.0515625
10 0.3125 0.715625 0.034375 0.0484375
13 0.35625 0.715625 0.0375 0.05
16 0.4015625 0.7140625 0.034375 0.0515625
19 0.44375 0.715625 0.0390625 0.053125
22 0.4875 0.715625 0.0328125 0.053125
25 0.53125 0.7140625 0.0390625 0.0515625
2 0.575 0.715625 0.0359375 0.05
2 0.61875 0.715625 0.0359375 0.0515625
28 0.6625 0.7140625 0.040625 0.053125
28 0.70625 0.7140625 0.0390625 0.053125
33 0.1484375 0.5390625 0.021875 0.021875
33 0.146875 0.565625 0.03125 0.01875
33 0.1390625 0.5890625 0.03125 0.01875
26 0.125 0.615625 0.028125 0.0265625
20 0.1203125 0.646875 0.0390625 0.01875
23 0.1125 0.6734375 0.040625 0.021875
1 0.7671875 0.2765625 0.0203125 0.0109375
1 0.775 0.2921875 0.01875 0.0125
1 0.7765625 0.30625 0.0234375 0.0109375
27 0.7796875 0.321875 0.0234375 0.0109375
27 0.784375 0.334375 0.025 0.0109375
27 0.79375 0.353125 0.0171875 0.0171875
29 0.4265625 0.5140625 0.0234375 0.0203125
3 0.4546875 0.5140625 0.021875 0.021875
17 0.4828125 0.5125 0.021875 0.0234375
8 0.5109375 0.5140625 0.0234375 0.0234375
24 0.5390625 0.5140625 0.01875 0.0234375
9 0.5671875 0.515625 0.0203125 0.021875
9 0.425 0.54375 0.0203125 0.0234375
22 0.4546875 0.54375 0.0203125 0.0234375
24 0.484375 0.5421875 0.0203125 0.025
31 0.3984375 0.39375 0.0203125 0.0140625
25 0.396875 0.409375 0.0265625 0.0140625
0 0.39375 0.428125 0.025 0.0125
18 0.39375 0.446875 0.028125 0.0125
21 0.390625 0.465625 0.028125 0.0140625
4 0.3890625 0.484375 0.0296875 0.0125
24 0.3640625 0.39375 0.028125 0.0125
31 0.3640625 0.409375 0.0265625 0.0125
16 0.359375 0.428125 0.0296875 0.0125
21 0.35625 0.4453125 0.028125 0.0140625
26 0.5625 0.3734375 0.01875 0.0171875
7 0.5390625 0.371875 0.021875 0.0171875
6 0.5140625 0.371875 0.0171875 0.0171875
6 0.4890625 0.371875 0.015625 0.0171875
19 0.4640625 0.371875 0.01875 0.0171875
29 0.440625 0.371875 0.01875 0.0140625
26 0.5578125 0.3515625 0.028125 0.0109375
9 0.5296875 0.3515625 0.0171875 0.015625
23 0.5046875 0.3515625 0.0203125 0.0171875
3 0.48125 0.35 0.0171875 0.015625
31 0.6078125 0.484375 0.025 0.015625
30 0.60625 0.465625 0.028125 0.0140625
25 0.6046875 0.446875 0.0296875 0.0140625
12 0.603125 0.428125 0.0296875 0.0125
12 0.6 0.4109375 0.028125 0.0125
3 0.6 0.39375 0.0265625 0.0109375
6 0.6453125 0.484375 0.028125 0.0125
4 0.6421875 0.465625 0.0296875 0.0125
5 0.640625 0.446875 0.0296875 0.009375
5 0.6375 0.428125 0.03125 0.0125
7 0.634375 0.4109375 0.028125 0.0140625
30 0.084375 0.2953125 0.01875 0.025