3 0.1828125 0.7171875 0.03125 0.0484375
9 0.2265625 0.7171875 0.0328125 0.05
7 0.26875 0.7171875 0.0375 0.05
7 0.3125 0.7171875 0.0375 0.0515625
16 0.35625 0.715625 0.0328125 0.0515625
19 0.4 0.715625 0.0375 0.053125
22 0.44375 0.715625 0.03125 0.053125
11 0.4875 0.715625 0.034375 0.053125
13 0.53125 0.715625 0.0375 0.053125
12 0.575 0.715625 0.0390625 0.053125
17 0.61875 0.715625 0.0390625 0.053125
23 0.6625 0.715625 0.0359375 0.0515625
26 0.70625 0.715625 0.0328125 0.0515625
9 0.7640625 0.7171875 0.0328125 0.046875
28 0.425 0.515625 0.021875 0.0234375
33 0.45625 0.515625 0.021875 0.021875
29 0.4828125 0.515625 0.021875 0.0203125
29 0.5125 0.515625 0.021875 0.01875
2 0.540625 0.515625 0.021875 0.0234375
18 0.5703125 0.515625 0.0203125 0.021875
25 0.4234375 0.54375 0.0234375 0.021875
0 0.396875 0.39375 0.0265625 0.0125
24 0.396875 0.4109375 0.028125 0.0125
27 0.3953125 0.4296875 0.0265625 0.0125
28 0.39375 0.4484375 0.028125 0.0140625
6 0.390625 0.4671875 0.028125 0.0125
4 0.3890625 0.4875 0.0296875 0.0125
32 0.365625 0.39375 0.0234375 0.0125
1 0.3625 0.4109375 0.021875 0.0140625
5 0.5625 0.375 0.015625 0.01875
28 0.5375 0.375 0.0203125 0.0171875
27 0.5125 0.375 0.0171875 0.0171875
29 0.4875 0.3734375 0.0203125 0.015625
2 0.4625 0.3734375 0.0203125 0.0171875
25 0.4390625 0.375 0.01875 0.0171875
22 0.5609375 0.353125 0.0171875 0.0171875
28 0.6078125 0.4875 0.0296875 0.0171875
31 0.60625 0.4671875 0.025 0.015625
4 0.603125 0.4484375 0.03125 0.0125
2 0.6015625 0.4296875 0.028125 0.0125
12 0.6 0.4125 0.0296875 0.0125
33 0.6 0.3953125 0.025 0.0125
21 0.6453125 0.4859375 0.0296875 0.0140625
23 0.084375 0.296875 0.021875 0.028125