3 0.2828125 0.1828125 0.0484375 0.03125
9 0.2828125 0.2265625 0.05 0.0328125
7 0.2828125 0.26875 0.05 0.0375
7 0.2828125 0.3125 0.0515625 0.0375
16 0.284375 0.35625 0.0515625 0.0328125
19 0.284375 0.4 0.053125 0.0375
22 0.284375 0.44375 0.053125 0.03125
11 0.284375 0.4875 0.053125 0.034375
13 0.284375 0.53125 0.053125 0.0375
12 0.284375 0.575 0.053125 0.0390625
17 0.284375 0.61875 0.053125 0.0390625
23 0.284375 0.6625 0.0515625 0.0359375
26 0.284375 0.70625 0.0515625 0.0328125
9 0.2828125 0.7640625 0.046875 0.0328125
28 0.484375 0.425 0.0234375 0.021875
33 0.484375 0.45625 0.021875 0.021875
29 0.484375 0.4828125 0.0203125 0.021875
29 0.484375 0.5125 0.01875 0.021875
2 0.484375 0.540625 0.0234375 0.021875
18 0.484375 0.5703125 0.021875 0.0203125
25 0.45625 0.4234375 0.021875 0.0234375
0 0.60625 0.396875 0.0125 0.0265625
24 0.5890625 0.396875 0.0125 0.028125
27 0.5703125 0.3953125 0.0125 0.0265625
28 0.5515625 0.39375 0.0140625 0.028125
6 0.5328125 0.390625 0.0125 0.028125
4 0.5125 0.3890625 0.0125 0.0296875
32 0.60625 0.365625 0.0125 0.0234375
1 0.5890625 0.3625 0.0140625 0.021875
5 0.625 0.5625 0.01875 0.015625
28 0.625 0.5375 0.0171875 0.0203125
27 0.625 0.5125 0.0171875 0.0171875
29 0.6265625 0.4875 0.015625 0.0203125
2 0.6265625 0.4625 0.0171875 0.0203125
25 0.625 0.4390625 0.0171875 0.01875
22 0.646875 0.5609375 0.0171875 0.0171875
28 0.5125 0.6078125 0.0171875 0.0296875
31 0.5328125 0.60625 0.015625 0.025
4 0.5515625 0.603125 0.0125 0.03125
2 0.5703125 0.6015625 0.0125 0.028125
12 0.5875 0.6 0.0125 0.0296875
33 0.6046875 0.6 0.0125 0.025
21 0.5140625 0.6453125 0.0140625 0.0296875
23 0.703125 0.084375 0.028125 0.021875