3 0.1828125 0.7171875 0.0328125 0.0484375
9 0.2265625 0.71875 0.0328125 0.05
15 0.26875 0.7171875 0.0359375 0.05
21 0.3140625 0.71875 0.034375 0.0515625
4 0.3578125 0.71875 0.03125 0.0515625
4 0.4 0.71875 0.034375 0.0515625
19 0.44375 0.71875 0.0375 0.0546875
22 0.4875 0.7171875 0.0359375 0.053125
2 0.53125 0.7171875 0.0359375 0.053125
5 0.575 0.71875 0.0328125 0.053125
8 0.61875 0.71875 0.0359375 0.053125
23 0.6625 0.71875 0.0390625 0.053125
26 0.70625 0.7171875 0.0375 0.0515625
1 0.7625 0.71875 0.040625 0.04375
17 0.2984375 0.2765625 0.025 0.0109375
11 0.2734375 0.278125 0.01875 0.0140625
13 0.2515625 0.278125 0.0203125 0.0140625
32 0.425 0.5171875 0.0203125 0.01875
28 0.4546875 0.5171875 0.0234375 0.01875
10 0.4828125 0.5171875 0.021875 0.021875
2 0.4 0.3953125 0.0265625 0.0125
1 0.3984375 0.4125 0.0265625 0.015625
32 0.396875 0.4296875 0.0234375 0.0140625
24 0.4890625 0.375 0.015625 0.01875
18 0.5125 0.375 0.01875 0.01875
33 0.5375 0.375 0.01875 0.015625
24 0.5625 0.375 0.0171875 0.0171875
1 0.6078125 0.4875 0.0265625 0.015625
31 0.60625 0.4671875 0.0265625 0.0140625
12 0.603125 0.4484375 0.0296875 0.0140625
26 0.765625 0.2796875 0.0265625 0.0109375
26 0.775 0.29375 0.01875 0.015625
26 0.775 0.309375 0.028125 0.0109375
33 0.084375 0.2984375 0.0203125 0.0265625