3 0.2828125 0.1828125 0.0484375 0.0328125
9 0.28125 0.2265625 0.05 0.0328125
15 0.2828125 0.26875 0.05 0.0359375
21 0.28125 0.3140625 0.0515625 0.034375
4 0.28125 0.3578125 0.0515625 0.03125
4 0.28125 0.4 0.0515625 0.034375
19 0.28125 0.44375 0.0546875 0.0375
22 0.2828125 0.4875 0.053125 0.0359375
2 0.2828125 0.53125 0.053125 0.0359375
5 0.28125 0.575 0.053125 0.0328125
8 0.28125 0.61875 0.053125 0.0359375
23 0.28125 0.6625 0.053125 0.0390625
26 0.2828125 0.70625 0.0515625 0.0375
1 0.28125 0.7625 0.04375 0.040625
17 0.7234375 0.2984375 0.0109375 0.025
11 0.721875 0.2734375 0.0140625 0.01875
13 0.721875 0.2515625 0.0140625 0.0203125
32 0.4828125 0.425 0.01875 0.0203125
28 0.4828125 0.4546875 0.01875 0.0234375
10 0.4828125 0.4828125 0.021875 0.021875
2 0.6046875 0.4 0.0125 0.0265625
1 0.5875 0.3984375 0.015625 0.0265625
32 0.5703125 0.396875 0.0140625 0.0234375
24 0.625 0.4890625 0.01875 0.015625
18 0.625 0.5125 0.01875 0.01875
33 0.625 0.5375 0.015625 0.01875
24 0.625 0.5625 0.0171875 0.0171875
1 0.5125 0.6078125 0.015625 0.0265625
31 0.5328125 0.60625 0.0140625 0.0265625
12 0.5515625 0.603125 0.0140625 0.0296875
26 0.7203125 0.765625 0.0109375 0.0265625
26 0.70625 0.775 0.015625 0.01875
26 0.690625 0.775 0.0109375 0.028125
33 0.7015625 0.084375 0.0265625 0.0203125