15 0.1828125 0.715625 0.03125 0.0515625
15 0.2265625 0.715625 0.0328125 0.0515625
21 0.26875 0.715625 0.0328125 0.053125
4 0.3125 0.715625 0.034375 0.0515625
4 0.35625 0.7140625 0.0328125 0.05
16 0.4 0.7140625 0.03125 0.0515625
19 0.44375 0.7140625 0.0375 0.053125
22 0.4875 0.715625 0.03125 0.053125
2 0.53125 0.715625 0.0375 0.0515625
5 0.575 0.715625 0.0296875 0.053125
8 0.61875 0.7140625 0.0375 0.053125
23 0.6625 0.7140625 0.0375 0.053125
23 0.70625 0.7140625 0.0359375 0.0515625
25 0.7625 0.7140625 0.0375 0.0484375
30 0.13125 0.6125 0.03125 0.0171875
30 0.1234375 0.6375 0.03125 0.01875
30 0.1078125 0.66875 0.021875 0.025
17 0.2984375 0.2734375 0.025 0.0109375
11 0.2734375 0.275 0.01875 0.0140625
13 0.2515625 0.275 0.0203125 0.0140625
26 0.765625 0.2765625 0.0265625 0.009375
26 0.775 0.2921875 0.0203125 0.015625
26 0.775 0.3078125 0.028125 0.0109375
27 0.784375 0.3234375 0.0171875 0.015625
27 0.7859375 0.3390625 0.025 0.0109375
27 0.790625 0.3546875 0.0265625 0.0109375
32 0.4265625 0.515625 0.021875 0.01875
28 0.4546875 0.515625 0.0234375 0.021875
10 0.484375 0.515625 0.0234375 0.021875
1 0.5125 0.5140625 0.025 0.0203125
3 0.540625 0.5140625 0.021875 0.0234375
26 0.56875 0.5140625 0.021875 0.025
17 0.4234375 0.54375 0.025 0.025
9 0.453125 0.54375 0.0203125 0.0234375
2 0.3984375 0.39375 0.0265625 0.0125
1 0.396875 0.409375 0.0234375 0.0140625
32 0.396875 0.428125 0.0234375 0.0125
28 0.3921875 0.4453125 0.025 0.015625
0 0.390625 0.4640625 0.028125 0.0125
3 0.3875 0.484375 0.028125 0.0140625
20 0.3640625 0.3921875 0.028125 0.0125
33 0.3625 0.409375 0.028125 0.0125
22 0.359375 0.4265625 0.0296875 0.0125
24 0.5625 0.371875 0.01875 0.0171875
33 0.5375 0.371875 0.0203125 0.0171875
18 0.5125 0.371875 0.0171875 0.0171875
24 0.4875 0.371875 0.0171875 0.0171875
20 0.4625 0.371875 0.0171875 0.01875
27 0.4375 0.371875 0.0171875 0.0171875
8 0.5609375 0.3515625 0.0203125 0.0171875
0 0.5375 0.3515625 0.0171875 0.0171875
22 0.5125 0.3515625 0.0171875 0.0171875
1 0.6078125 0.484375 0.025 0.015625
31 0.6078125 0.465625 0.025 0.015625
12 0.603125 0.446875 0.0296875 0.0140625
31 0.603125 0.428125 0.021875 0.0125
18 0.6015625 0.4109375 0.0265625 0.0125
16 0.5984375 0.39375 0.028125 0.0125
8 0.64375 0.484375 0.03125 0.015625
12 0.6421875 0.465625 0.03125 0.0140625
10 0.6390625 0.446875 0.028125 0.015625
33 0.084375 0.2953125 0.021875 0.0265625