3 0.95625 0.496875 0.0703125 0.103125
15 0.88125 0.4953125 0.0734375 0.1046875
1 0.8015625 0.4953125 0.06875 0.1046875
1 0.7265625 0.4953125 0.0671875 0.1046875
4 0.6515625 0.49375 0.06875 0.103125
25 0.575 0.49375 0.0703125 0.1015625
2 0.4984375 0.496875 0.0703125 0.1078125
11 0.421875 0.49375 0.06875 0.10625
20 0.346875 0.4953125 0.0671875 0.1046875
33 0.26875 0.4953125 0.071875 0.10625
32 0.1953125 0.49375 0.0671875 0.1078125
28 0.1203125 0.496875 0.065625 0.10625
28 0.04375 0.4953125 0.071875 0.10625