29 0.3489494328125 0.0768601140625 0.4467717390625 0.075308128125 0.439008034375 0.0302778828125 0.3357528359375 0.0318317578125 0.3489494328125 0.0768601140625
29 0.3598189984375 0.13586389375000002 0.46618194687500003 0.13741776875 0.45764130468750003 0.087729678125 0.3505033078125 0.08850661562499999 0.3598189984375 0.13586389375000002
31 0.38000425312499997 0.2034083171875 0.4817093578125 0.20418525468749998 0.4747225890625 0.15061625781250002 0.3613728734375 0.14983931875 0.38000425312499997 0.2034083171875
32 0.3970855390625 0.2639659734375 0.499565690625 0.27095274062499997 0.488696125 0.2135009453125 0.37922920625 0.2142778828125 0.3970855390625 0.2639659734375
26 0.5197509453125 0.33461436718750004 0.5065524578125 0.2732816640625 0.39475661562500003 0.27716257031249997 0.4087301515625 0.33461436718750004 0.5197509453125 0.33461436718750004
23 0.4195997171875 0.3998298671875 0.5352783546875 0.401381853125 0.5236337421874999 0.3408260875 0.41571880937500005 0.34004914999999997 0.4195997171875 0.3998298671875
23 0.4382329875 0.46814933906249995 0.55235775 0.4697032140625 0.541490075 0.41147447968749995 0.427363421875 0.41147447968749995 0.4382329875 0.46814933906249995
13 0.452206521875 0.5426805296875 0.57487381875 0.5473402640625 0.5593464078125 0.4813478265625 0.44211389375000004 0.48057088906249995 0.452206521875 0.5426805296875
10 0.4747225890625 0.6172117203124999 0.5911762765625 0.6179886578125 0.5787547265625 0.55355009375 0.4599702265625 0.551221171875 0.4747225890625 0.6172117203124999
7 0.491801984375 0.696402646875 0.61291540625 0.6932967859375 0.5950590734375 0.6296351609374999 0.47782655937499996 0.6288582234375 0.491801984375 0.696402646875
24 0.511210303125 0.7748147453125 0.635429584375 0.7802495281249999 0.6183501890625 0.7096011343749999 0.49878875312500004 0.708824196875 0.511210303125 0.7748147453125
24 0.5321724953125 0.8586635156250001 0.6579437625 0.8602155015624999 0.6424163515625 0.7903421546875 0.5158700374999999 0.7926710781249999 0.5321724953125 0.8586635156250001
18 0.6820118140625 0.9471682421875001 0.6587207 0.86875614375 0.538384215625 0.871862003125 0.553911625 0.9471682421875001 0.6820118140625 0.9471682421875001