9 0.946875 0.49375 0.0640625 0.09375
20 0.88125 0.49375 0.0609375 0.0921875
32 0.8125 0.4921875 0.0625 0.0921875
3 0.7453125 0.49375 0.0625 0.0953125
5 0.678125 0.49375 0.0609375 0.0953125
19 0.609375 0.4921875 0.0625 0.0921875
14 0.5421875 0.49375 0.0640625 0.090625
33 0.475 0.49375 0.0625 0.0890625
3 0.40625 0.4921875 0.0640625 0.09375
1 0.3390625 0.49375 0.0640625 0.09375
24 0.271875 0.49375 0.0625 0.09375
1 0.203125 0.49375 0.065625 0.09375
9 0.1375 0.49375 0.0578125 0.0890625
0 0.0484375 0.49375 0.065625 0.0953125