29 0.557301334375 0.9306524265625 0.56839648125 0.9819689328125 0.56839648125 0.9847436890625 0.6807401703125 0.980582525 0.6668702671875 0.932038834375 0.557301334375 0.9306524265625
33 0.6528100734375 0.8733864078125 0.5451343453125 0.8739281546875001 0.558120753125 0.9258718453125001 0.6647129859375001 0.9269533984375 0.6528100734375 0.8733864078125
17 0.5278197812500001 0.8089980578124999 0.5402644421875 0.86418835 0.650645025 0.8636466015625001 0.652268325 0.8636466015625001 0.6392819171874999 0.810621359375 0.5278197812500001 0.8089980578124999
17 0.6349537625 0.8008815531250001 0.6208858015625001 0.7435262140625001 0.511045025 0.7446077671875 0.5240314328125 0.799258253125 0.6349537625 0.8008815531250001
14 0.6106061890625 0.67805436875 0.4931906546875 0.6764310671875 0.5061770625 0.735409709375 0.6214275484375 0.7348679609375 0.6106061890625 0.67805436875
8 0.592749878125 0.6066310671874999 0.47371104375 0.6060912625 0.488320753125 0.6661514562499999 0.602489684375 0.6661514562499999 0.592749878125 0.6066310671874999
22 0.4672178390625 0.5952699031249999 0.4715459953125 0.5952699031249999 0.586256675 0.597433009375 0.57651686875 0.535209709375 0.45477317968750003 0.5341262140625 0.4672178390625 0.5952699031249999
13 0.5586605578125 0.46107961093750005 0.43475376250000003 0.46107961093750005 0.45314987812499996 0.5233048546875 0.5684003640624999 0.5243864078125 0.5586605578125 0.46107961093750005
10 0.5413459953124999 0.38154174687500003 0.41310910156249997 0.381 0.432046965625 0.4486349515625 0.5527091015625001 0.44755339843749997 0.5413459953124999 0.38154174687500003
1 0.520245025 0.3030834953125 0.3936314328125 0.30092038906249996 0.41310910156249997 0.37180194218749996 0.532689684375 0.37180194218749996 0.520245025 0.3030834953125
21 0.371446965625 0.21867572812499997 0.3909246359375 0.2900970875 0.5132100734375 0.29063883437500004 0.516998421875 0.29172038906250003 0.49914211093749994 0.21975728125 0.371446965625 0.21867572812499997
9 0.478580946875 0.1358893203125 0.3492625 0.133724271875 0.36603531562499997 0.20731262187500002 0.49697706249999996 0.20893592187499999 0.478580946875 0.1358893203125
0 0.4536916265625 0.049856310937499995 0.3259945390625 0.04715145625 0.344932403125 0.1207378640625 0.474792596875 0.12344466093749999 0.4536916265625 0.049856310937499995