28 0.4953125 0.0359375 0.0796875 0.06875
26 0.496875 0.2046875 0.0796875 0.0609375
30 0.496875 0.1359375 0.075 0.0640625
23 0.496875 0.275 0.0765625 0.0578125
23 0.5 0.3421875 0.0734375 0.059375
17 0.5 0.409375 0.075 0.0578125
2 0.5 0.4796875 0.0703125 0.0625
22 0.4984375 0.5453125 0.075 0.0625
4 0.5015625 0.6828125 0.065625 0.059375
24 0.5 0.75 0.0734375 0.0609375
24 0.496875 0.8203125 0.0765625 0.0625
0 0.4984375 0.8875 0.071875 0.065625
0 0.49375 0.9546875 0.0828125 0.0671875
19 0.4984375 0.615625 0.071875 0.0578125