9 0.49375 0.053125 0.09375 0.0640625
20 0.49375 0.11875 0.0921875 0.0609375
32 0.4921875 0.1875 0.0921875 0.0625
3 0.49375 0.2546875 0.0953125 0.0625
5 0.49375 0.321875 0.0953125 0.0609375
19 0.4921875 0.390625 0.0921875 0.0625
14 0.49375 0.4578125 0.090625 0.0640625
33 0.49375 0.525 0.0890625 0.0625
3 0.4921875 0.59375 0.09375 0.0640625
1 0.49375 0.6609375 0.09375 0.0640625
24 0.49375 0.728125 0.09375 0.0625
1 0.49375 0.796875 0.09375 0.065625
9 0.49375 0.8625 0.0890625 0.0578125
0 0.49375 0.9515625 0.0953125 0.065625