28 0.0359375 0.5046875 0.06875 0.0796875
26 0.2046875 0.503125 0.0609375 0.0796875
30 0.1359375 0.503125 0.0640625 0.075
23 0.275 0.503125 0.0578125 0.0765625
23 0.3421875 0.5 0.059375 0.0734375
17 0.409375 0.5 0.0578125 0.075
2 0.4796875 0.5 0.0625 0.0703125
22 0.5453125 0.5015625 0.0625 0.075
4 0.6828125 0.4984375 0.059375 0.065625
24 0.75 0.5 0.0609375 0.0734375
24 0.8203125 0.503125 0.0625 0.0765625
0 0.8875 0.5015625 0.065625 0.071875
0 0.9546875 0.50625 0.0671875 0.0828125
19 0.615625 0.5015625 0.0578125 0.071875