0 0.0515625 0.5078125 0.0734375 0.10625
9 0.1265625 0.509375 0.06875 0.1015625
12 0.2015625 0.5109375 0.0671875 0.0984375
15 0.275 0.5109375 0.0703125 0.1015625
7 0.346875 0.509375 0.0671875 0.1
16 0.4203125 0.509375 0.071875 0.0984375
11 0.4953125 0.5109375 0.0703125 0.0984375
14 0.56875 0.509375 0.0703125 0.1
32 0.6421875 0.509375 0.0671875 0.1
32 0.715625 0.5109375 0.0671875 0.1015625
29 0.7890625 0.5109375 0.06875 0.1046875
29 0.8640625 0.509375 0.071875 0.109375
27 0.9359375 0.5078125 0.065625 0.10625