3 0.0375 0.50625 0.0640625 0.1
6 0.10625 0.50625 0.0671875 0.096875
9 0.178125 0.5078125 0.0640625 0.096875
12 0.2484375 0.5078125 0.065625 0.0953125
12 0.3171875 0.5078125 0.0671875 0.0984375
15 0.3875 0.50625 0.0625 0.096875
18 0.4578125 0.5078125 0.0625 0.0953125
19 0.5265625 0.50625 0.0671875 0.0953125
5 0.5984375 0.509375 0.065625 0.0953125
11 0.66875 0.509375 0.0640625 0.0953125
11 0.7375 0.5078125 0.065625 0.0953125
17 0.8078125 0.509375 0.0640625 0.09375
31 0.8765625 0.5078125 0.0625 0.096875
11 0.96875 0.5046875 0.059375 0.096875