29 0.0768601140625 0.6510505671875 0.075308128125 0.5532282609375 0.0302778828125 0.560991965625 0.0318317578125 0.6642471640625 0.0768601140625 0.6510505671875
29 0.13586389375000002 0.6401810015625 0.13741776875 0.533818053125 0.087729678125 0.5423586953124999 0.08850661562499999 0.6494966921875001 0.13586389375000002 0.6401810015625
31 0.2034083171875 0.619995746875 0.20418525468749998 0.5182906421875 0.15061625781250002 0.5252774109375 0.14983931875 0.6386271265625 0.2034083171875 0.619995746875
32 0.2639659734375 0.6029144609375 0.27095274062499997 0.500434309375 0.2135009453125 0.5113038750000001 0.2142778828125 0.62077079375 0.2639659734375 0.6029144609375
26 0.33461436718750004 0.4802490546875 0.2732816640625 0.4934475421875 0.27716257031249997 0.605243384375 0.33461436718750004 0.5912698484375001 0.33461436718750004 0.4802490546875
23 0.3998298671875 0.5804002828125 0.401381853125 0.4647216453125 0.3408260875 0.4763662578125 0.34004914999999997 0.584281190625 0.3998298671875 0.5804002828125
23 0.46814933906249995 0.5617670125 0.4697032140625 0.44764225 0.41147447968749995 0.458509925 0.41147447968749995 0.572636578125 0.46814933906249995 0.5617670125
13 0.5426805296875 0.547793478125 0.5473402640625 0.42512618125 0.4813478265625 0.4406535921875 0.48057088906249995 0.55788610625 0.5426805296875 0.547793478125
10 0.6172117203124999 0.5252774109375 0.6179886578125 0.40882372343749995 0.55355009375 0.42124527343749996 0.551221171875 0.5400297734375 0.6172117203124999 0.5252774109375
7 0.696402646875 0.508198015625 0.6932967859375 0.38708459375 0.6296351609374999 0.4049409265625 0.6288582234375 0.522173440625 0.696402646875 0.508198015625
24 0.7748147453125 0.48878969687499996 0.7802495281249999 0.364570415625 0.7096011343749999 0.3816498109375 0.708824196875 0.501211246875 0.7748147453125 0.48878969687499996
24 0.8586635156250001 0.4678275046875 0.8602155015624999 0.34205623749999997 0.7903421546875 0.3575836484375 0.7926710781249999 0.48412996250000007 0.8586635156250001 0.4678275046875
18 0.9471682421875001 0.3179881859375 0.86875614375 0.3412793 0.871862003125 0.461615784375 0.9471682421875001 0.446088375 0.9471682421875001 0.3179881859375