29 0.6510505671875 0.9231398859375 0.5532282609375 0.9246918718750001 0.560991965625 0.9697221171875 0.6642471640625 0.9681682421875 0.6510505671875 0.9231398859375
29 0.6401810015625 0.8641361062499999 0.533818053125 0.86258223125 0.5423586953124999 0.9122703218750001 0.6494966921875001 0.911493384375 0.6401810015625 0.8641361062499999
31 0.619995746875 0.7965916828124999 0.5182906421875 0.7958147453125 0.5252774109375 0.8493837421875 0.6386271265625 0.85016068125 0.619995746875 0.7965916828124999
32 0.6029144609375 0.7360340265625 0.500434309375 0.7290472593749999 0.5113038750000001 0.7864990546875 0.62077079375 0.7857221171875 0.6029144609375 0.7360340265625
26 0.4802490546875 0.6653856328125001 0.4934475421875 0.7267183359375 0.605243384375 0.7228374296875 0.5912698484375001 0.6653856328125001 0.4802490546875 0.6653856328125001
23 0.5804002828125 0.6001701328125 0.4647216453125 0.598618146875 0.4763662578125 0.6591739125 0.584281190625 0.65995085 0.5804002828125 0.6001701328125
23 0.5617670125 0.5318506609375 0.44764225 0.5302967859375001 0.458509925 0.5885255203125 0.572636578125 0.5885255203125 0.5617670125 0.5318506609375
13 0.547793478125 0.4573194703125 0.42512618125 0.4526597359375 0.4406535921875 0.5186521734375 0.55788610625 0.5194291109375 0.547793478125 0.4573194703125
10 0.5252774109375 0.3827882796875 0.40882372343749995 0.3820113421875 0.42124527343749996 0.44644990625 0.5400297734375 0.44877882812500003 0.5252774109375 0.3827882796875
7 0.508198015625 0.30359735312499997 0.38708459375 0.3067032140625 0.4049409265625 0.3703648390625 0.522173440625 0.37114177656249997 0.508198015625 0.30359735312499997
24 0.48878969687499996 0.2251852546875 0.364570415625 0.219750471875 0.3816498109375 0.290398865625 0.501211246875 0.291175803125 0.48878969687499996 0.2251852546875
24 0.4678275046875 0.141336484375 0.34205623749999997 0.13978449843750002 0.3575836484375 0.20965784531249998 0.48412996250000007 0.207328921875 0.4678275046875 0.141336484375
18 0.3179881859375 0.052831757812500005 0.3412793 0.13124385624999999 0.461615784375 0.128137996875 0.446088375 0.052831757812500005 0.3179881859375 0.052831757812500005