18 0.20697286875 0.517859496875 0.1360213171875 0.5289447671875 0.1345426359375 0.6568052328125 0.20697286875 0.636111434375 0.20697286875 0.517859496875
18 0.21510271250000002 0.508989340625 0.2180581390625 0.6324156984375 0.2897480625 0.6154156984375 0.29122674375 0.4927296515625 0.21510271250000002 0.508989340625
1 0.3037906984375 0.4882955421875 0.3045290703125 0.6095048453125 0.371784884375 0.5939835265625 0.37104651093749996 0.47425290625 0.3037906984375 0.4882955421875
4 0.44495348906250004 0.576985465625 0.44495348906250004 0.4587315890625 0.3806550390625 0.47203585312499996 0.378437984375 0.5925048453125 0.44495348906250004 0.576985465625
10 0.4619534890625 0.448384690625 0.46121317812499996 0.5703323640625 0.5203391468749999 0.556289728125 0.5232965109375 0.43656104687499997 0.4619534890625 0.448384690625
13 0.5336434109375 0.43360368281249995 0.5277306203125 0.554072675 0.5942480625 0.5392916671875 0.5942480625 0.42251841093750003 0.5336434109375 0.43360368281249995
2 0.6038546515625 0.42103972812499996 0.6075503875 0.532640503125 0.6644593015625 0.5185978687499999 0.6674166671874999 0.40478003906250004 0.6038546515625 0.42103972812499996
5 0.6748062015625 0.5104680234375001 0.7331937984375 0.500859496875 0.7317151156249999 0.3922160859375 0.725802325 0.3922160859375 0.67702325625 0.3996056203125 0.6748062015625 0.5104680234375001
14 0.742802325 0.38630329531249996 0.7398449609375 0.49790407031250006 0.7974941859375 0.4831211234375 0.799711240625 0.3744777125 0.742802325 0.38630329531249996
26 0.8625310078125 0.46464437968750005 0.8625310078125 0.3589563953125 0.8107965109374999 0.3700436046875 0.8100581390625001 0.48016569843749995 0.8625310078125 0.46464437968750005
33 0.8736182171875001 0.3545222875 0.8714011625 0.46095058125 0.924614340625 0.4520804265625 0.9260930234375 0.3397412796875 0.8736182171875001 0.3545222875
31 0.936439921875 0.33382848906249996 0.9305271312500001 0.4454292640625 0.9852189921875001 0.43582073593750004 0.9830019374999999 0.3279156984375 0.936439921875 0.33382848906249996
9 0.071875 0.6 0.0953125 0.1453125