9 0.053125 0.50625 0.0640625 0.09375
20 0.11875 0.50625 0.0609375 0.0921875
32 0.1875 0.5078125 0.0625 0.0921875
3 0.2546875 0.50625 0.0625 0.0953125
5 0.321875 0.50625 0.0609375 0.0953125
19 0.390625 0.5078125 0.0625 0.0921875
14 0.4578125 0.50625 0.0640625 0.090625
33 0.525 0.50625 0.0625 0.0890625
3 0.59375 0.5078125 0.0640625 0.09375
1 0.6609375 0.50625 0.0640625 0.09375
24 0.728125 0.50625 0.0625 0.09375
1 0.796875 0.50625 0.065625 0.09375
9 0.8625 0.50625 0.0578125 0.0890625
0 0.9515625 0.50625 0.065625 0.0953125