29 0.9306524265625 0.44269866562500004 0.9819689328125 0.43160351874999997 0.9847436890625 0.43160351874999997 0.980582525 0.3192598296875 0.932038834375 0.33312973281249997 0.9306524265625 0.44269866562500004
33 0.8733864078125 0.3471899265625 0.8739281546875001 0.45486565468749995 0.9258718453125001 0.441879246875 0.9269533984375 0.3352870140625 0.8733864078125 0.3471899265625
17 0.8089980578124999 0.47218021875 0.86418835 0.4597355578125 0.8636466015625001 0.349354975 0.8636466015625001 0.347731675 0.810621359375 0.3607180828125 0.8089980578124999 0.47218021875
17 0.8008815531250001 0.3650462375 0.7435262140625001 0.3791141984375 0.7446077671875 0.48895497499999996 0.799258253125 0.4759685671875 0.8008815531250001 0.3650462375
14 0.67805436875 0.38939381093750003 0.6764310671875 0.5068093453125 0.735409709375 0.49382293749999995 0.7348679609375 0.3785724515625 0.67805436875 0.38939381093750003
8 0.6066310671874999 0.40725012187500004 0.6060912625 0.5262889562499999 0.6661514562499999 0.511679246875 0.6661514562499999 0.397510315625 0.6066310671874999 0.40725012187500004
22 0.5952699031249999 0.5327821609375001 0.5952699031249999 0.5284540046874999 0.597433009375 0.413743325 0.535209709375 0.42348313125 0.5341262140625 0.5452268203124999 0.5952699031249999 0.5327821609375001
13 0.46107961093750005 0.4413394421875 0.46107961093750005 0.5652462375 0.5233048546875 0.546850121875 0.5243864078125 0.4315996359375 0.46107961093750005 0.4413394421875
10 0.38154174687500003 0.4586540046875 0.381 0.5868908984375001 0.4486349515625 0.567953034375 0.44755339843749997 0.4472908984375 0.38154174687500003 0.4586540046875
1 0.3030834953125 0.479754975 0.30092038906249996 0.6063685671875 0.37180194218749996 0.5868908984375001 0.37180194218749996 0.467310315625 0.3030834953125 0.479754975
21 0.21867572812499997 0.628553034375 0.2900970875 0.6090753640625 0.29063883437500004 0.4867899265625 0.29172038906250003 0.483001578125 0.21975728125 0.5008578890625001 0.21867572812499997 0.628553034375
9 0.1358893203125 0.521419053125 0.133724271875 0.6507375 0.20731262187500002 0.633964684375 0.20893592187499999 0.5030229375 0.1358893203125 0.521419053125
0 0.049856310937499995 0.5463083734375 0.04715145625 0.6740054609375 0.1207378640625 0.655067596875 0.12344466093749999 0.525207403125 0.049856310937499995 0.5463083734375