18 0.517859496875 0.79302713125 0.5289447671875 0.8639786828125 0.6568052328125 0.8654573640625 0.636111434375 0.79302713125 0.517859496875 0.79302713125
18 0.508989340625 0.7848972875 0.6324156984375 0.7819418609375 0.6154156984375 0.7102519375 0.4927296515625 0.70877325625 0.508989340625 0.7848972875
1 0.4882955421875 0.6962093015625 0.6095048453125 0.6954709296875 0.5939835265625 0.628215115625 0.47425290625 0.6289534890625 0.4882955421875 0.6962093015625
4 0.576985465625 0.5550465109375 0.4587315890625 0.5550465109375 0.47203585312499996 0.6193449609375 0.5925048453125 0.621562015625 0.576985465625 0.5550465109375
10 0.448384690625 0.5380465109375 0.5703323640625 0.538786821875 0.556289728125 0.47966085312500006 0.43656104687499997 0.47670348906250004 0.448384690625 0.5380465109375
13 0.43360368281249995 0.4663565890625 0.554072675 0.47226937968750005 0.5392916671875 0.4057519375 0.42251841093750003 0.4057519375 0.43360368281249995 0.4663565890625
2 0.42103972812499996 0.3961453484375 0.532640503125 0.3924496125 0.5185978687499999 0.3355406984375 0.40478003906250004 0.33258333281249997 0.42103972812499996 0.3961453484375
5 0.3922160859375 0.268284884375 0.3922160859375 0.27419767500000003 0.3996056203125 0.32297674375 0.5104680234375001 0.3251937984375 0.500859496875 0.2668062015625 0.3922160859375 0.268284884375
14 0.38630329531249996 0.257197675 0.49790407031250006 0.2601550390625 0.4831211234375 0.2025058140625 0.3744777125 0.20028875937500001 0.38630329531249996 0.257197675
26 0.46464437968750005 0.1374689921875 0.3589563953125 0.1374689921875 0.3700436046875 0.1892034890625 0.48016569843749995 0.1899418609375 0.46464437968750005 0.1374689921875
33 0.3545222875 0.1263817828125 0.46095058125 0.1285988375 0.4520804265625 0.075385659375 0.3397412796875 0.0739069765625 0.3545222875 0.1263817828125
31 0.33382848906249996 0.063560078125 0.4454292640625 0.06947286875 0.43582073593750004 0.0147810078125 0.3279156984375 0.0169980625 0.33382848906249996 0.063560078125
9 0.6 0.928125 0.1453125 0.0953125