3 0.9625 0.49375 0.0640625 0.1
6 0.89375 0.49375 0.0671875 0.096875
9 0.821875 0.4921875 0.0640625 0.096875
12 0.7515625 0.4921875 0.065625 0.0953125
12 0.6828125 0.4921875 0.0671875 0.0984375
15 0.6125 0.49375 0.0625 0.096875
18 0.5421875 0.4921875 0.0625 0.0953125
19 0.4734375 0.49375 0.0671875 0.0953125
5 0.4015625 0.490625 0.065625 0.0953125
11 0.33125 0.490625 0.0640625 0.0953125
11 0.2625 0.4921875 0.065625 0.0953125
17 0.1921875 0.490625 0.0640625 0.09375
31 0.1234375 0.4921875 0.0625 0.096875
11 0.03125 0.4953125 0.059375 0.096875