29 0.43160351874999997 0.0152563109375 0.3192598296875 0.019417475 0.33312973281249997 0.067961165625 0.44269866562500004 0.0693475734375 0.43160351874999997 0.0180310671875 0.43160351874999997 0.0152563109375
33 0.3471899265625 0.12661359218749998 0.45486565468749995 0.12607184531249999 0.441879246875 0.0741281546875 0.3352870140625 0.07304660156250001 0.3471899265625 0.12661359218749998
17 0.349354975 0.1363533984375 0.347731675 0.1363533984375 0.3607180828125 0.189378640625 0.47218021875 0.1910019421875 0.4597355578125 0.13581165 0.349354975 0.1363533984375
17 0.3650462375 0.199118446875 0.3791141984375 0.25647378593750003 0.48895497499999996 0.2553922328125 0.4759685671875 0.200741746875 0.3650462375 0.199118446875
14 0.38939381093750003 0.32194563125000003 0.5068093453125 0.3235689328125 0.49382293749999995 0.264590290625 0.3785724515625 0.2651320390625 0.38939381093750003 0.32194563125000003
8 0.40725012187500004 0.39336893281249996 0.5262889562499999 0.3939087375 0.511679246875 0.33384854375 0.397510315625 0.33384854375 0.40725012187500004 0.39336893281249996
22 0.413743325 0.402566990625 0.42348313125 0.464790290625 0.5452268203124999 0.4658737859375 0.5327821609375001 0.404730096875 0.5284540046874999 0.404730096875 0.413743325 0.402566990625
13 0.4413394421875 0.5389203890625 0.5652462375 0.5389203890625 0.546850121875 0.4766951453125 0.4315996359375 0.4756135921875 0.4413394421875 0.5389203890625
10 0.4586540046875 0.618458253125 0.5868908984375001 0.619 0.567953034375 0.5513650484375 0.4472908984375 0.5524466015625 0.4586540046875 0.618458253125
1 0.479754975 0.6969165046875 0.6063685671875 0.6990796109375 0.5868908984375001 0.6281980578125 0.467310315625 0.6281980578125 0.479754975 0.6969165046875
21 0.4867899265625 0.7093611656250001 0.483001578125 0.7082796109375 0.5008578890625001 0.7802427187500001 0.628553034375 0.781324271875 0.6090753640625 0.7099029125 0.4867899265625 0.7093611656250001
9 0.521419053125 0.8641106796875 0.6507375 0.866275728125 0.633964684375 0.792687378125 0.5030229375 0.791064078125 0.521419053125 0.8641106796875
0 0.5463083734375 0.9501436890624999 0.6740054609375 0.95284854375 0.655067596875 0.8792621359374999 0.525207403125 0.8765553390624999 0.5463083734375 0.9501436890624999