0 0.5078125 0.9484375 0.10625 0.0734375
9 0.509375 0.8734375 0.1015625 0.06875
12 0.5109375 0.7984375 0.0984375 0.0671875
15 0.5109375 0.725 0.1015625 0.0703125
7 0.509375 0.653125 0.1 0.0671875
16 0.509375 0.5796875 0.0984375 0.071875
11 0.5109375 0.5046875 0.0984375 0.0703125
14 0.509375 0.43125 0.1 0.0703125
32 0.509375 0.3578125 0.1 0.0671875
32 0.5109375 0.284375 0.1015625 0.0671875
29 0.5109375 0.2109375 0.1046875 0.06875
29 0.509375 0.1359375 0.109375 0.071875
27 0.5078125 0.0640625 0.10625 0.065625