6 0.2609375 0.1375 0.0671875 0.0421875
6 0.259375 0.1890625 0.0671875 0.04375
4 0.2609375 0.2390625 0.0640625 0.0421875
27 0.2609375 0.3390625 0.0640625 0.04375
27 0.2609375 0.3859375 0.065625 0.0453125
9 0.2609375 0.4359375 0.0640625 0.04375
14 0.259375 0.4859375 0.0671875 0.0421875
17 0.2609375 0.5359375 0.06875 0.04375
20 0.2609375 0.5859375 0.065625 0.0421875
23 0.2625 0.6359375 0.0671875 0.0453125
26 0.2609375 0.6828125 0.0640625 0.0421875
33 0.2609375 0.7328125 0.065625 0.04375
5 0.4859375 0.4140625 0.0296875 0.0234375
2 0.646875 0.56875 0.01875 0.021875
18 0.4859375 0.446875 0.0265625 0.0234375
19 0.4875 0.4796875 0.028125 0.025
32 0.51875 0.6203125 0.01875 0.0375
30 0.5421875 0.61875 0.01875 0.0375
33 0.5640625 0.6171875 0.01875 0.0375
32 0.646875 0.540625 0.0234375 0.025
22 0.646875 0.5140625 0.021875 0.0234375
17 0.584375 0.38125 0.0203125 0.034375
22 0.6046875 0.38125 0.0171875 0.0328125
33 0.6234375 0.3828125 0.015625 0.0328125
21 0.7359375 0.0265625 0.0390625 0.025
4 0.2609375 0.2875 0.0671875 0.0453125