12 0.8 0.7421875 0.04375 0.0671875
6 0.1390625 0.7421875 0.0453125 0.06875
3 0.0265625 0.265625 0.0265625 0.0359375
9 0.190625 0.7421875 0.04375 0.06875
18 0.2390625 0.74375 0.0453125 0.065625
7 0.2875 0.740625 0.0453125 0.0625
15 0.3375 0.7421875 0.0453125 0.0640625
15 0.3890625 0.7421875 0.046875 0.065625
15 0.4375 0.7421875 0.04375 0.0625
17 0.4875 0.7421875 0.04375 0.0625
17 0.5375 0.7421875 0.0453125 0.0640625
17 0.5859375 0.7421875 0.0453125 0.065625
32 0.6359375 0.740625 0.0453125 0.065625
31 0.6859375 0.7421875 0.0453125 0.0640625
29 0.734375 0.7421875 0.0453125 0.065625
25 0.4140625 0.55 0.028125 0.0296875
25 0.546875 0.5171875 0.0265625 0.03125
25 0.571875 0.35625 0.0234375 0.021875
20 0.4484375 0.55 0.0265625 0.028125
5 0.4171875 0.5171875 0.028125 0.028125
8 0.4796875 0.515625 0.0265625 0.028125
16 0.4484375 0.5171875 0.0234375 0.0265625
19 0.5140625 0.515625 0.025 0.028125
27 0.5796875 0.5171875 0.028125 0.028125
9 0.059375 0.6984375 0.04375 0.025
3 0.06875 0.6671875 0.040625 0.025
6 0.0734375 0.6328125 0.028125 0.03125
4 0.0890625 0.603125 0.0375 0.021875
4 0.0953125 0.571875 0.028125 0.03125
1 0.375 0.4828125 0.0328125 0.0171875
8 0.6234375 0.4828125 0.0375 0.01875
3 0.665625 0.484375 0.0375 0.01875
21 0.621875 0.4609375 0.0375 0.015625
5 0.61875 0.4390625 0.034375 0.0171875
11 0.6171875 0.41875 0.034375 0.0171875
10 0.6140625 0.4 0.0328125 0.015625
10 0.6125 0.3796875 0.03125 0.015625
30 0.3765625 0.4609375 0.034375 0.0171875
30 0.3796875 0.440625 0.034375 0.0171875
8 0.3453125 0.4 0.0328125 0.01875
2 0.38125 0.4171875 0.0359375 0.01875
26 0.384375 0.3984375 0.0328125 0.0171875
24 0.346875 0.378125 0.0328125 0.0171875
27 0.3859375 0.378125 0.034375 0.0171875
27 0.4875 0.35625 0.0234375 0.0234375
8 0.5171875 0.35625 0.025 0.021875
11 0.459375 0.3546875 0.0234375 0.0234375
16 0.43125 0.3546875 0.021875 0.021875
0 0.54375 0.3546875 0.021875 0.021875
4 0.1078125 0.5421875 0.0375 0.021875