0 0.7375 0.8546875 0.0671875 0.0453125
12 0.7375 0.8046875 0.06875 0.0453125
15 0.7375 0.7546875 0.065625 0.04375
18 0.7375 0.7046875 0.0671875 0.0453125
13 0.7359375 0.65625 0.06875 0.0421875
16 0.7359375 0.6078125 0.0671875 0.04375
19 0.7375 0.559375 0.0703125 0.04375
30 0.7359375 0.509375 0.06875 0.04375
32 0.7375 0.4609375 0.06875 0.0453125
31 0.7359375 0.4109375 0.06875 0.04375
28 0.734375 0.1484375 0.03125 0.046875
28 0.728125 0.109375 0.04375 0.0375
28 0.7265625 0.06875 0.040625 0.0375
29 0.2796875 0.184375 0.0140625 0.0375
29 0.2453125 0.1953125 0.0140625 0.034375
29 0.2625 0.1859375 0.0203125 0.025
24 0.353125 0.5078125 0.0203125 0.025
29 0.353125 0.48125 0.0234375 0.025
4 0.58125 0.5828125 0.034375 0.03125
4 0.5453125 0.48125 0.03125 0.0296875
4 0.5453125 0.48125 0.0296875 0.03125
23 0.5453125 0.5796875 0.03125 0.0296875
23 0.5140625 0.5796875 0.0296875 0.0296875
6 0.546875 0.5484375 0.03125 0.03125
6 0.5140625 0.546875 0.0296875 0.0296875
8 0.546875 0.515625 0.0328125 0.028125
24 0.5125 0.5140625 0.0265625 0.0296875
19 0.546875 0.45 0.0296875 0.028125
14 0.546875 0.415625 0.0328125 0.0265625
30 0.5125 0.4171875 0.0265625 0.0265625
20 0.5125 0.4828125 0.0265625 0.028125
10 0.5125 0.45 0.0265625 0.0265625
31 0.478125 0.3734375 0.0171875 0.0421875
22 0.4796875 0.33125 0.0171875 0.040625
33 0.4578125 0.3765625 0.0203125 0.0375
11 0.459375 0.3359375 0.01875 0.0390625
2 0.4359375 0.378125 0.0171875 0.040625
11 0.4375 0.3390625 0.0203125 0.0390625
27 0.4171875 0.38125 0.0203125 0.0375
27 0.4171875 0.340625 0.0203125 0.0390625
25 0.396875 0.34375 0.01875 0.0359375
27 0.3765625 0.346875 0.01875 0.0375
9 0.396875 0.3828125 0.0171875 0.0375
3 0.378125 0.384375 0.01875 0.034375
33 0.353125 0.453125 0.021875 0.028125
30 0.353125 0.4265625 0.021875 0.0265625
26 0.3515625 0.5671875 0.0203125 0.025
0 0.3515625 0.5375 0.021875 0.0265625
25 0.3296875 0.5640625 0.021875 0.0265625
14 0.3296875 0.5359375 0.021875 0.025
8 0.3296875 0.509375 0.021875 0.025
21 0.3296875 0.4828125 0.0203125 0.025
14 0.328125 0.4546875 0.021875 0.0234375
2 0.33125 0.425 0.021875 0.0265625
7 0.3078125 0.4546875 0.0203125 0.0234375
1 0.3078125 0.428125 0.0203125 0.0265625
3 0.45625 0.6171875 0.0203125 0.0375
27 0.4359375 0.615625 0.01875 0.0359375
0 0.415625 0.6140625 0.01875 0.0390625
20 0.3953125 0.6125 0.0171875 0.0359375
21 0.3765625 0.609375 0.01875 0.034375
15 0.4859375 0.6625 0.025 0.040625
10 0.4625 0.6609375 0.028125 0.0296875
22 0.4359375 0.6546875 0.0203125 0.0375
18 0.415625 0.6546875 0.0171875 0.034375
20 0.3953125 0.6515625 0.0171875 0.0359375
5 0.3765625 0.6484375 0.0171875 0.034375
6 0.4796875 0.6203125 0.025 0.0421875
10 0.2421875 0.6390625 0.0171875 0.034375
25 0.24375 0.7765625 0.0203125 0.021875
19 0.24375 0.7515625 0.0203125 0.0234375
22 0.240625 0.7234375 0.015625 0.0296875
13 0.24375 0.6953125 0.01875 0.0203125
7 0.24375 0.66875 0.0171875 0.0203125
31 0.2640625 0.965625 0.0359375 0.025