12 0.8609375 0.259375 0.0484375 0.06875
12 0.8125 0.259375 0.046875 0.06875
15 0.7625 0.2578125 0.046875 0.06875
18 0.7140625 0.259375 0.04375 0.06875
18 0.6640625 0.259375 0.0453125 0.0703125
21 0.6140625 0.2609375 0.0453125 0.06875
21 0.5640625 0.259375 0.0453125 0.065625
4 0.515625 0.259375 0.0453125 0.0671875
28 0.465625 0.259375 0.046875 0.06875
29 0.4171875 0.259375 0.0453125 0.0671875
1 0.1546875 0.2640625 0.046875 0.0265625
1 0.1140625 0.26875 0.0375 0.0375
1 0.0734375 0.26875 0.034375 0.040625
29 0.8609375 0.4875 0.040625 0.0203125
29 0.853125 0.5109375 0.0359375 0.01875
29 0.8484375 0.53125 0.0375 0.01875
2 0.840625 0.553125 0.040625 0.01875
2 0.8359375 0.5734375 0.0359375 0.015625
22 0.8296875 0.59375 0.0375 0.0140625
16 0.8234375 0.6125 0.0328125 0.0140625
4 0.81875 0.63125 0.034375 0.015625
4 0.8125 0.6484375 0.034375 0.0171875
4 0.8078125 0.6671875 0.034375 0.015625
9 0.803125 0.6828125 0.0328125 0.015625
6 0.7984375 0.6984375 0.0328125 0.0140625
3 0.7953125 0.7140625 0.034375 0.0140625
27 0.9734375 0.734375 0.028125 0.0359375
17 0.778125 0.7578125 0.03125 0.0140625
17 0.7515625 0.7546875 0.0203125 0.015625
17 0.7265625 0.7546875 0.0203125 0.015625
33 0.7 0.7546875 0.0203125 0.0171875
33 0.675 0.7546875 0.0203125 0.0171875
33 0.646875 0.75625 0.0296875 0.0140625
15 0.6234375 0.559375 0.0265625 0.025
5 0.61875 0.5828125 0.0375 0.01875
27 0.6171875 0.6015625 0.034375 0.015625
24 0.6171875 0.6203125 0.034375 0.0171875
3 0.5859375 0.484375 0.028125 0.028125
5 0.5546875 0.4828125 0.025 0.028125
30 0.5203125 0.484375 0.0296875 0.028125
11 0.4890625 0.484375 0.0234375 0.0296875
19 0.45625 0.484375 0.0265625 0.028125
7 0.54375 0.64375 0.025 0.0234375
3 0.5140625 0.6453125 0.0234375 0.0203125
25 0.4859375 0.6453125 0.0234375 0.021875
30 0.459375 0.64375 0.025 0.025
2 0.43125 0.64375 0.025 0.0234375
30 0.3796875 0.515625 0.0375 0.01875
27 0.38125 0.5390625 0.040625 0.0203125
14 0.384375 0.5609375 0.0359375 0.0171875