12 0.2375 0.74375 0.0453125 0.065625
6 0.1390625 0.74375 0.046875 0.0625
9 0.1875 0.74375 0.0453125 0.0671875
12 0.2890625 0.74375 0.04375 0.065625
18 0.3375 0.74375 0.04375 0.0640625
21 0.3859375 0.7421875 0.0453125 0.0640625
13 0.4375 0.7453125 0.040625 0.0640625
2 0.484375 0.7453125 0.0421875 0.065625
2 0.5359375 0.74375 0.0421875 0.065625
11 0.584375 0.7453125 0.04375 0.065625
14 0.634375 0.74375 0.0453125 0.06875
30 0.684375 0.74375 0.040625 0.065625
8 0.7328125 0.74375 0.046875 0.0671875
0 0.415625 0.521875 0.028125 0.03125
1 0.446875 0.521875 0.0265625 0.03125
30 0.621875 0.4859375 0.0359375 0.01875
32 0.61875 0.4640625 0.0390625 0.01875
6 0.61875 0.4421875 0.034375 0.01875
28 0.38125 0.421875 0.0328125 0.0171875
30 0.3828125 0.4015625 0.0375 0.0171875
32 0.384375 0.3828125 0.034375 0.0171875
11 0.45625 0.3609375 0.0234375 0.021875
17 0.5703125 0.359375 0.0234375 0.021875
6 0.540625 0.3609375 0.025 0.0234375
4 0.5125 0.3609375 0.0234375 0.0234375
16 0.4859375 0.3609375 0.021875 0.0203125
29 0.3328125 0.2515625 0.0203125 0.01875
29 0.35625 0.25 0.0203125 0.0171875
29 0.3046875 0.2484375 0.028125 0.0140625
25 0.2171875 0.25 0.021875 0.015625
25 0.246875 0.2484375 0.0296875 0.0140625
25 0.275 0.2515625 0.021875 0.01875
24 0.0265625 0.2703125 0.025 0.034375