15 0.15625 0.7375 0.04375 0.06875
21 0.2046875 0.7390625 0.0453125 0.0703125
18 0.253125 0.7375 0.04375 0.0671875
21 0.3015625 0.7375 0.04375 0.0625
11 0.35 0.7375 0.040625 0.0625
14 0.3984375 0.7375 0.0453125 0.0625
17 0.446875 0.7390625 0.04375 0.065625
31 0.684375 0.73125 0.034375 0.04375
16 0.0453125 0.2703125 0.0265625 0.0328125
17 0.075 0.271875 0.0234375 0.03125
31 0.728125 0.734375 0.046875 0.03125
31 0.7703125 0.7296875 0.034375 0.0375
31 0.8078125 0.7296875 0.0375 0.040625
19 0.85 0.7359375 0.046875 0.03125
16 0.890625 0.728125 0.0375 0.0375
22 0.928125 0.7296875 0.0375 0.040625
22 0.7125 0.4859375 0.0390625 0.021875
21 0.66875 0.4859375 0.0375 0.0203125
26 0.6296875 0.4859375 0.0359375 0.0203125
33 0.628125 0.4625 0.0359375 0.0171875
28 0.625 0.4421875 0.0375 0.0171875
10 0.621875 0.421875 0.0359375 0.0171875
21 0.6203125 0.4015625 0.0328125 0.015625
3 0.61875 0.3828125 0.034375 0.01875
9 0.6640625 0.421875 0.0421875 0.0171875
5 0.6609375 0.4 0.0359375 0.0171875
23 0.6578125 0.38125 0.0328125 0.015625
20 0.709375 0.4640625 0.0375 0.0203125
3 0.66875 0.4625 0.040625 0.01875
32 0.6671875 0.4421875 0.0390625 0.0171875
12 0.7078125 0.440625 0.0375 0.0171875
27 0.8171875 0.2890625 0.0328125 0.01875
27 0.815625 0.26875 0.0265625 0.0171875
27 0.8078125 0.253125 0.0328125 0.0140625
21 0.440625 0.359375 0.025 0.0203125
27 0.4703125 0.3609375 0.021875 0.021875
19 0.496875 0.359375 0.025 0.0234375
33 0.5234375 0.3578125 0.0234375 0.01875
32 0.5515625 0.359375 0.025 0.01875
0 0.5796875 0.359375 0.0265625 0.0203125
25 0.4421875 0.334375 0.025 0.01875
8 0.4703125 0.3375 0.0203125 0.0203125
2 0.4984375 0.3359375 0.028125 0.01875
13 0.525 0.3359375 0.028125 0.0203125
9 0.5234375 0.3140625 0.025 0.0171875
26 0.55 0.3125 0.021875 0.015625
28 0.578125 0.3375 0.025 0.0203125
9 0.5765625 0.3125 0.025 0.01875
23 0.3875 0.4828125 0.0390625 0.021875
3 0.390625 0.4625 0.040625 0.0203125
30 0.390625 0.440625 0.0375 0.01875
15 0.39375 0.4203125 0.0359375 0.015625
29 0.3953125 0.4015625 0.0328125 0.0171875
28 0.3984375 0.3828125 0.034375 0.01875
30 0.45625 0.584375 0.03125 0.03125
28 0.4609375 0.55 0.0296875 0.03125
29 0.2640625 0.2515625 0.0203125 0.0203125
29 0.2890625 0.2515625 0.0203125 0.0203125
29 0.2359375 0.25 0.025 0.015625
14 0.34375 0.4859375 0.040625 0.025
24 0.346875 0.4609375 0.034375 0.0140625
0 0.3515625 0.4421875 0.034375 0.0171875
33 0.3546875 0.41875 0.040625 0.0171875
19 0.35625 0.4 0.034375 0.015625
33 0.359375 0.38125 0.034375 0.0171875
11 0.321875 0.38125 0.0328125 0.0171875
20 0.4234375 0.584375 0.028125 0.0296875
25 0.4265625 0.55 0.0328125 0.03125
14 0.4265625 0.5171875 0.028125 0.028125
0 0.459375 0.515625 0.03125 0.028125
20 0.490625 0.5515625 0.0296875 0.0328125
30 0.4890625 0.5171875 0.028125 0.028125
22 0.5234375 0.55 0.0296875 0.03125
2 0.521875 0.51875 0.028125 0.03125
8 0.5546875 0.55 0.028125 0.028125
13 0.5546875 0.51875 0.03125 0.0296875
0 0.5875 0.5484375 0.0328125 0.0296875
1 0.584375 0.515625 0.03125 0.028125