12 0.740625 0.80625 0.071875 0.046875
6 0.7390625 0.8578125 0.0703125 0.046875
15 0.740625 0.7578125 0.0671875 0.0453125
21 0.7390625 0.7078125 0.06875 0.0453125
24 0.740625 0.659375 0.065625 0.04375
19 0.740625 0.6109375 0.0671875 0.0421875
19 0.7421875 0.5625 0.0671875 0.0421875
11 0.7421875 0.5109375 0.0671875 0.0453125
14 0.7390625 0.4625 0.0640625 0.04375
33 0.7421875 0.4125 0.06875 0.0453125
30 0.7421875 0.3640625 0.0703125 0.0453125
29 0.7421875 0.3140625 0.0703125 0.046875
29 0.7421875 0.265625 0.0703125 0.0421875
28 0.7421875 0.2 0.065625 0.04375
2 0.2671875 0.96875 0.0359375 0.025
28 0.4203125 0.6171875 0.0203125 0.0359375
4 0.3984375 0.6140625 0.0203125 0.0375
1 0.3796875 0.6125 0.01875 0.034375
26 0.5171875 0.58125 0.03125 0.028125
0 0.5171875 0.55 0.0265625 0.0265625
23 0.35625 0.4828125 0.0234375 0.025
2 0.3578125 0.4546875 0.025 0.025
31 0.484375 0.3765625 0.0203125 0.0390625
27 0.4609375 0.378125 0.01875 0.0375
14 0.4390625 0.3828125 0.01875 0.0328125
15 0.3578125 0.4265625 0.0234375 0.025