6 0.8609375 0.259375 0.046875 0.06875
9 0.8109375 0.259375 0.0484375 0.0671875
12 0.7609375 0.2578125 0.0453125 0.065625
12 0.7109375 0.259375 0.04375 0.06875
18 0.6625 0.2609375 0.04375 0.0671875
21 0.6125 0.259375 0.0453125 0.065625
13 0.5640625 0.259375 0.046875 0.0671875
2 0.5125 0.259375 0.04375 0.0671875
2 0.4625 0.259375 0.0453125 0.0671875
11 0.4125 0.259375 0.040625 0.0671875
14 0.365625 0.2578125 0.0453125 0.0671875
30 0.3140625 0.259375 0.04375 0.065625
8 0.265625 0.259375 0.04375 0.065625
1 0.5515625 0.4828125 0.028125 0.03125
0 0.58125 0.484375 0.028125 0.03125
30 0.3765625 0.51875 0.0375 0.0234375
32 0.378125 0.540625 0.0390625 0.021875
6 0.38125 0.5609375 0.0359375 0.0171875
17 0.428125 0.6453125 0.0265625 0.0234375
6 0.45625 0.6453125 0.0265625 0.0234375
4 0.4859375 0.6453125 0.0234375 0.021875
16 0.5140625 0.6453125 0.0234375 0.021875
11 0.5421875 0.6453125 0.0234375 0.0234375
32 0.6140625 0.6234375 0.034375 0.01875
28 0.6171875 0.5828125 0.034375 0.0171875
30 0.6171875 0.603125 0.0359375 0.01875
29 0.665625 0.7546875 0.021875 0.01875
29 0.640625 0.7546875 0.0234375 0.0203125
29 0.69375 0.7578125 0.03125 0.0125
25 0.78125 0.7546875 0.021875 0.0171875
25 0.7515625 0.7578125 0.0296875 0.0125
25 0.7234375 0.7546875 0.025 0.015625
24 0.971875 0.7359375 0.0265625 0.0390625