6 0.1375 0.7390625 0.0421875 0.0671875
6 0.1890625 0.740625 0.04375 0.0671875
4 0.2390625 0.7390625 0.0421875 0.0640625
27 0.3390625 0.7390625 0.04375 0.0640625
27 0.3859375 0.7390625 0.0453125 0.065625
9 0.4359375 0.7390625 0.04375 0.0640625
14 0.4859375 0.740625 0.0421875 0.0671875
17 0.5359375 0.7390625 0.04375 0.06875
20 0.5859375 0.7390625 0.0421875 0.065625
23 0.6359375 0.7375 0.0453125 0.0671875
26 0.6828125 0.7390625 0.0421875 0.0640625
33 0.7328125 0.7390625 0.04375 0.065625
5 0.4140625 0.5140625 0.0234375 0.0296875
2 0.56875 0.353125 0.021875 0.01875
18 0.446875 0.5140625 0.0234375 0.0265625
19 0.4796875 0.5125 0.025 0.028125
32 0.6203125 0.48125 0.0375 0.01875
30 0.61875 0.4578125 0.0375 0.01875
33 0.6171875 0.4359375 0.0375 0.01875
32 0.540625 0.353125 0.025 0.0234375
22 0.5140625 0.353125 0.0234375 0.021875
17 0.38125 0.415625 0.034375 0.0203125
22 0.38125 0.3953125 0.0328125 0.0171875
33 0.3828125 0.3765625 0.0328125 0.015625
21 0.0265625 0.2640625 0.025 0.0390625
4 0.2875 0.7390625 0.0453125 0.0671875