12 0.7421875 0.2 0.0671875 0.04375
6 0.7421875 0.8609375 0.06875 0.0453125
3 0.265625 0.9734375 0.0359375 0.0265625
9 0.7421875 0.809375 0.06875 0.04375
18 0.74375 0.7609375 0.065625 0.0453125
7 0.740625 0.7125 0.0625 0.0453125
15 0.7421875 0.6625 0.0640625 0.0453125
15 0.7421875 0.6109375 0.065625 0.046875
15 0.7421875 0.5625 0.0625 0.04375
17 0.7421875 0.5125 0.0625 0.04375
17 0.7421875 0.4625 0.0640625 0.0453125
17 0.7421875 0.4140625 0.065625 0.0453125
32 0.740625 0.3640625 0.065625 0.0453125
31 0.7421875 0.3140625 0.0640625 0.0453125
29 0.7421875 0.265625 0.065625 0.0453125
25 0.55 0.5859375 0.0296875 0.028125
25 0.5171875 0.453125 0.03125 0.0265625
25 0.35625 0.428125 0.021875 0.0234375
20 0.55 0.5515625 0.028125 0.0265625
5 0.5171875 0.5828125 0.028125 0.028125
8 0.515625 0.5203125 0.028125 0.0265625
16 0.5171875 0.5515625 0.0265625 0.0234375
19 0.515625 0.4859375 0.028125 0.025
27 0.5171875 0.4203125 0.028125 0.028125
9 0.6984375 0.940625 0.025 0.04375
3 0.6671875 0.93125 0.025 0.040625
6 0.6328125 0.9265625 0.03125 0.028125
4 0.603125 0.9109375 0.021875 0.0375
4 0.571875 0.9046875 0.03125 0.028125
1 0.4828125 0.625 0.0171875 0.0328125
8 0.4828125 0.3765625 0.01875 0.0375
3 0.484375 0.334375 0.01875 0.0375
21 0.4609375 0.378125 0.015625 0.0375
5 0.4390625 0.38125 0.0171875 0.034375
11 0.41875 0.3828125 0.0171875 0.034375
10 0.4 0.3859375 0.015625 0.0328125
10 0.3796875 0.3875 0.015625 0.03125
30 0.4609375 0.6234375 0.0171875 0.034375
30 0.440625 0.6203125 0.0171875 0.034375
8 0.4 0.6546875 0.01875 0.0328125
2 0.4171875 0.61875 0.01875 0.0359375
26 0.3984375 0.615625 0.0171875 0.0328125
24 0.378125 0.653125 0.0171875 0.0328125
27 0.378125 0.6140625 0.0171875 0.034375
27 0.35625 0.5125 0.0234375 0.0234375
8 0.35625 0.4828125 0.021875 0.025
11 0.3546875 0.540625 0.0234375 0.0234375
16 0.3546875 0.56875 0.021875 0.021875
0 0.3546875 0.45625 0.021875 0.021875
4 0.5421875 0.8921875 0.021875 0.0375