13 0.35625 0.7390625 0.0453125 0.06875
30 0.0328125 0.26875 0.0234375 0.0375
11 0.0625 0.2671875 0.0265625 0.0375
33 0.221875 0.246875 0.021875 0.01875
33 0.246875 0.246875 0.0203125 0.015625
33 0.278125 0.2453125 0.0296875 0.0125
4 0.1453125 0.7390625 0.04375 0.06875
22 0.19375 0.7390625 0.0453125 0.06875
23 0.2421875 0.7390625 0.04375 0.065625
23 0.2921875 0.740625 0.0453125 0.065625
8 0.5578125 0.7296875 0.034375 0.040625
8 0.5953125 0.7296875 0.0328125 0.040625
8 0.63125 0.7296875 0.034375 0.040625
8 0.675 0.734375 0.046875 0.028125
31 0.7234375 0.734375 0.0453125 0.028125
31 0.765625 0.7296875 0.034375 0.0375
31 0.803125 0.7296875 0.0296875 0.0375
18 0.846875 0.734375 0.0453125 0.028125
18 0.890625 0.7296875 0.0390625 0.0375
18 0.9265625 0.728125 0.034375 0.0375
19 0.515625 0.5828125 0.03125 0.0296875
14 0.4828125 0.5828125 0.028125 0.03125
28 0.446875 0.5828125 0.0265625 0.03125
17 0.415625 0.5828125 0.0296875 0.03125
10 0.4171875 0.5484375 0.028125 0.028125
0 0.4203125 0.5171875 0.028125 0.0296875
3 0.453125 0.515625 0.028125 0.028125
21 0.4859375 0.515625 0.028125 0.0265625
14 0.51875 0.515625 0.0296875 0.028125
25 0.55 0.515625 0.0296875 0.028125
32 0.58125 0.515625 0.028125 0.028125
20 0.45 0.5484375 0.0265625 0.028125
10 0.4828125 0.546875 0.028125 0.0296875
9 0.5171875 0.5484375 0.03125 0.0296875
19 0.55 0.55 0.03125 0.0328125
16 0.5828125 0.5484375 0.028125 0.0296875
1 0.6234375 0.484375 0.0375 0.021875
1 0.665625 0.484375 0.040625 0.0234375
33 0.70625 0.484375 0.040625 0.0203125
26 0.621875 0.4609375 0.0375 0.0203125
27 0.6625 0.459375 0.0390625 0.01875
21 0.7015625 0.4609375 0.0359375 0.0171875
5 0.6171875 0.440625 0.0375 0.01875
25 0.6578125 0.4390625 0.0359375 0.01875
29 0.615625 0.41875 0.0359375 0.01875
3 0.65625 0.41875 0.0375 0.01875
29 0.653125 0.3984375 0.0359375 0.015625
27 0.6140625 0.4 0.034375 0.0171875
30 0.6140625 0.38125 0.034375 0.01875
9 0.6515625 0.378125 0.0328125 0.0171875
30 0.3359375 0.4828125 0.0375 0.01875
5 0.340625 0.4609375 0.0359375 0.01875
11 0.3421875 0.440625 0.034375 0.015625
25 0.378125 0.4828125 0.034375 0.015625
3 0.38125 0.4609375 0.0359375 0.01875
32 0.38125 0.4390625 0.0328125 0.01875
28 0.384375 0.41875 0.0328125 0.015625
27 0.3875 0.3984375 0.0359375 0.01875
5 0.54375 0.3578125 0.0265625 0.0234375
28 0.54375 0.3328125 0.0234375 0.0203125
28 0.571875 0.35625 0.0234375 0.0203125
7 0.3453125 0.41875 0.0359375 0.0171875
7 0.346875 0.3984375 0.0359375 0.015625
21 0.3125 0.3796875 0.0328125 0.0171875
1 0.35 0.3796875 0.03125 0.015625
31 0.5703125 0.334375 0.0234375 0.0203125
2 0.56875 0.3109375 0.0234375 0.0203125
23 0.515625 0.35625 0.025 0.0234375
10 0.515625 0.3328125 0.0234375 0.01875
2 0.515625 0.3109375 0.0234375 0.01875
32 0.5421875 0.3109375 0.0234375 0.0203125
12 0.4328125 0.3578125 0.021875 0.0203125
21 0.434375 0.334375 0.021875 0.0203125
7 0.4609375 0.35625 0.0234375 0.0234375
10 0.4609375 0.3328125 0.0203125 0.0203125
24 0.4890625 0.3578125 0.0234375 0.0234375
2 0.4890625 0.3328125 0.0203125 0.01875
9 0.3875 0.3796875 0.0328125 0.0171875