9 0.2984375 0.0625 0.03125 0.0453125
3 0.33125 0.071875 0.0265625 0.040625
6 0.365625 0.0765625 0.034375 0.0328125
4 0.396875 0.0921875 0.0234375 0.0421875
4 0.428125 0.096875 0.028125 0.0328125
4 0.4578125 0.1109375 0.0234375 0.0421875
1 0.5375 0.3375 0.0203125 0.0359375
1 0.5140625 0.3765625 0.0203125 0.0375
19 0.5578125 0.340625 0.01875 0.0375
3 0.73125 0.0296875 0.0328125 0.025
7 0.578125 0.3421875 0.01875 0.034375
8 0.5984375 0.346875 0.015625 0.034375
24 0.61875 0.3484375 0.015625 0.0328125
30 0.5375 0.3765625 0.01875 0.0375
30 0.5578125 0.38125 0.0203125 0.0359375
2 0.5796875 0.3828125 0.0171875 0.0359375
26 0.6 0.3859375 0.015625 0.0328125
27 0.61875 0.3859375 0.015625 0.0359375
5 0.48125 0.4171875 0.0265625 0.025
16 0.4828125 0.4484375 0.0265625 0.028125
8 0.48125 0.4828125 0.025 0.025
19 0.4828125 0.5140625 0.0265625 0.028125
25 0.4828125 0.5453125 0.0265625 0.025
27 0.48125 0.5796875 0.025 0.0265625
25 0.4484375 0.415625 0.028125 0.028125
20 0.4484375 0.4484375 0.028125 0.0265625
7 0.45 0.48125 0.028125 0.028125
18 0.45 0.5125 0.0265625 0.028125
26 0.45 0.546875 0.028125 0.028125
6 0.25625 0.140625 0.0671875 0.04375
9 0.2578125 0.190625 0.065625 0.046875
12 0.2578125 0.240625 0.0671875 0.046875
15 0.259375 0.2890625 0.0703125 0.04375
15 0.2578125 0.3390625 0.065625 0.0421875
15 0.25625 0.3890625 0.0640625 0.0421875
17 0.2578125 0.4375 0.0671875 0.0421875
17 0.2578125 0.4875 0.06875 0.0453125
17 0.25625 0.5359375 0.06875 0.0421875
32 0.2578125 0.5859375 0.0671875 0.0421875
31 0.2578125 0.6359375 0.0671875 0.04375
29 0.2578125 0.6828125 0.0671875 0.0453125
1 0.259375 0.7328125 0.0734375 0.0453125
26 0.2578125 0.7984375 0.0703125 0.0453125
8 0.5140625 0.621875 0.021875 0.0375
21 0.5375 0.61875 0.0203125 0.0359375
3 0.5140625 0.665625 0.0203125 0.0375
25 0.5359375 0.6625 0.0203125 0.0390625
18 0.5578125 0.659375 0.01875 0.0359375
5 0.5578125 0.61875 0.01875 0.0359375
11 0.578125 0.615625 0.0171875 0.034375
10 0.5984375 0.6125 0.015625 0.0328125
10 0.6171875 0.6125 0.015625 0.034375
32 0.578125 0.65625 0.0171875 0.03125
25 0.6421875 0.571875 0.0234375 0.025
16 0.6421875 0.4296875 0.021875 0.021875
11 0.6421875 0.459375 0.021875 0.021875
27 0.640625 0.4890625 0.021875 0.0234375
8 0.640625 0.515625 0.021875 0.025
18 0.665625 0.5140625 0.0203125 0.0234375
0 0.640625 0.54375 0.021875 0.025
26 0.665625 0.5421875 0.021875 0.025
24 0.6640625 0.5703125 0.021875 0.021875