14 0.36875 0.06875 0.03125 0.0359375
17 0.334375 0.065625 0.0265625 0.040625
20 0.303125 0.05625 0.028125 0.04375
18 0.259375 0.1359375 0.06875 0.0453125
2 0.259375 0.1859375 0.06875 0.046875
5 0.259375 0.2359375 0.071875 0.0453125
5 0.259375 0.2875 0.0703125 0.04375
14 0.2578125 0.3359375 0.06875 0.040625
20 0.2609375 0.384375 0.0703125 0.0453125
23 0.2609375 0.434375 0.06875 0.0421875
33 0.2578125 0.484375 0.0703125 0.0453125
28 0.259375 0.534375 0.071875 0.0484375
29 0.2609375 0.5859375 0.0703125 0.0453125
13 0.7359375 0.025 0.0359375 0.025
28 0.5171875 0.3734375 0.0203125 0.0390625
10 0.45 0.4125 0.03125 0.028125
1 0.484375 0.4140625 0.028125 0.0265625
19 0.484375 0.4484375 0.034375 0.0265625
7 0.484375 0.4796875 0.03125 0.0265625
21 0.484375 0.5125 0.03125 0.0296875
9 0.4828125 0.5453125 0.03125 0.028125
21 0.484375 0.578125 0.028125 0.028125
25 0.603125 0.3421875 0.01875 0.034375
0 0.540625 0.3734375 0.021875 0.0359375
27 0.5625 0.3765625 0.01875 0.034375
30 0.5828125 0.378125 0.01875 0.034375
30 0.603125 0.38125 0.0171875 0.034375
1 0.6234375 0.3453125 0.0171875 0.034375
33 0.621875 0.3828125 0.0171875 0.034375
26 0.6453125 0.428125 0.0234375 0.0234375
0 0.6453125 0.4578125 0.021875 0.0234375
30 0.6453125 0.4859375 0.0234375 0.0234375
7 0.6453125 0.5140625 0.0234375 0.0234375
26 0.64375 0.5703125 0.0234375 0.025
14 0.64375 0.540625 0.0265625 0.0234375
6 0.66875 0.540625 0.0203125 0.0234375
32 0.66875 0.5671875 0.0203125 0.0265625
32 0.5171875 0.6203125 0.021875 0.0375
25 0.540625 0.61875 0.021875 0.0359375
1 0.5609375 0.6171875 0.01875 0.0375
27 0.5828125 0.6140625 0.0203125 0.0390625
4 0.603125 0.6125 0.0171875 0.0359375
7 0.621875 0.6109375 0.01875 0.0375
15 0.5609375 0.6578125 0.0203125 0.0390625
28 0.5796875 0.65625 0.0203125 0.0375
3 0.5171875 0.6640625 0.01875 0.0390625
32 0.5390625 0.6625 0.01875 0.0390625
8 0.2671875 0.8421875 0.0390625 0.0375
8 0.2625 0.8859375 0.028125 0.0484375
8 0.2671875 0.93125 0.040625 0.0359375
3 0.609375 0.853125 0.025 0.0265625
6 0.6296875 0.8421875 0.015625 0.0375
9 0.6484375 0.834375 0.0171875 0.0359375
10 0.66875 0.834375 0.0203125 0.0234375
13 0.6890625 0.8234375 0.0140625 0.034375
16 0.7046875 0.8171875 0.0140625 0.0359375
12 0.721875 0.815625 0.01875 0.0265625
12 0.7390625 0.8078125 0.0140625 0.034375
12 0.7546875 0.803125 0.0125 0.03125