5 0.4046875 0.721875 0.0484375 0.0734375
5 0.45625 0.7484375 0.05 0.071875
16 0.353125 0.746875 0.05 0.071875
13 0.3 0.7484375 0.046875 0.0703125
10 0.25 0.746875 0.046875 0.071875
10 0.1984375 0.746875 0.046875 0.0734375
7 0.1453125 0.7484375 0.05 0.071875
14 0.75625 0.7421875 0.05 0.0359375
8 0.8 0.7375 0.0390625 0.04375
11 0.840625 0.7375 0.034375 0.04375
23 0.8875 0.7421875 0.05 0.0328125
20 0.9296875 0.7375 0.040625 0.0421875
26 0.9703125 0.7375 0.0390625 0.0390625
2 0.5390625 0.58125 0.034375 0.0328125
2 0.4671875 0.5828125 0.0328125 0.0328125
1 0.4515625 0.34375 0.025 0.0203125
3 0.453125 0.31875 0.025 0.021875
0 0.453125 0.2953125 0.0234375 0.0203125
20 0.48125 0.31875 0.025 0.0203125
2 0.48125 0.29375 0.0234375 0.0234375
18 0.503125 0.5828125 0.03125 0.034375
12 0.4296875 0.584375 0.03125 0.034375
31 0.434375 0.546875 0.0328125 0.0375
33 0.4359375 0.5125 0.0296875 0.03125
3 0.46875 0.546875 0.0296875 0.0296875
27 0.46875 0.5125 0.0296875 0.0328125
27 0.503125 0.546875 0.0296875 0.0328125
28 0.609375 0.546875 0.0328125 0.034375
0 0.5015625 0.5125 0.0296875 0.03125
19 0.5375 0.5453125 0.03125 0.03125
25 0.5359375 0.5125 0.0328125 0.0296875
24 0.5734375 0.546875 0.03125 0.034375
1 0.56875 0.5125 0.0296875 0.0328125
1 0.603125 0.5125 0.03125 0.03125
4 0.740625 0.478125 0.0453125 0.021875
19 0.6515625 0.4765625 0.040625 0.01875
9 0.6953125 0.4765625 0.0421875 0.0203125
3 0.734375 0.4546875 0.0421875 0.0203125
32 0.6484375 0.4546875 0.0390625 0.021875
30 0.690625 0.4546875 0.040625 0.0203125
22 0.6453125 0.43125 0.0390625 0.01875
17 0.6875 0.43125 0.0390625 0.021875
20 0.7296875 0.43125 0.0390625 0.01875
32 0.64375 0.4109375 0.0390625 0.0203125
33 0.6421875 0.390625 0.0375 0.01875
31 0.640625 0.36875 0.0359375 0.01875
21 0.6859375 0.4109375 0.0390625 0.0203125
0 0.7265625 0.409375 0.040625 0.01875
19 0.68125 0.3890625 0.0375 0.01875
16 0.6796875 0.36875 0.0375 0.0203125
8 0.7234375 0.3890625 0.040625 0.01875
12 0.871875 0.321875 0.028125 0.0203125
9 0.859375 0.3 0.0359375 0.0171875
15 0.8546875 0.2828125 0.0359375 0.0140625
4 0.853125 0.2640625 0.028125 0.01875
1 0.84375 0.2453125 0.034375 0.015625
7 0.8390625 0.2296875 0.0328125 0.0140625
28 0.2328125 0.228125 0.0328125 0.0171875
28 0.2625 0.2296875 0.0203125 0.0203125
28 0.2875 0.228125 0.0234375 0.0171875
23 0.028125 0.2484375 0.0265625 0.0375
26 0.315625 0.409375 0.0421875 0.01875
24 0.315625 0.409375 0.0375 0.0171875
6 0.3203125 0.3875 0.0375 0.015625
29 0.3234375 0.36875 0.0359375 0.01875
31 0.346875 0.478125 0.0390625 0.01875
31 0.35 0.453125 0.040625 0.01875
13 0.3546875 0.428125 0.0390625 0.0203125
25 0.35625 0.4078125 0.034375 0.015625
26 0.359375 0.3875 0.0359375 0.015625
3 0.3625 0.3671875 0.034375 0.0171875
33 0.39375 0.453125 0.0375 0.0203125
20 0.396875 0.43125 0.0375 0.01875
32 0.4 0.409375 0.0390625 0.01875
26 0.4015625 0.3890625 0.0390625 0.01875
27 0.4046875 0.3671875 0.040625 0.015625
4 0.3921875 0.478125 0.040625 0.021875
6 0.509375 0.34375 0.0265625 0.0234375
23 0.5109375 0.3203125 0.0265625 0.0203125
32 0.5078125 0.29375 0.0234375 0.021875
25 0.540625 0.34375 0.0296875 0.0234375
30 0.5375 0.31875 0.0265625 0.021875
22 0.5375 0.29375 0.021875 0.0234375
30 0.56875 0.34375 0.028125 0.01875
0 0.5671875 0.31875 0.0265625 0.0234375
30 0.565625 0.2953125 0.025 0.021875
27 0.596875 0.3453125 0.0296875 0.0234375
7 0.5953125 0.31875 0.028125 0.0203125
25 0.5953125 0.2953125 0.0296875 0.021875
33 0.48125 0.34375 0.03125 0.021875