6 0.740625 0.8609375 0.06875 0.046875
9 0.740625 0.8109375 0.0671875 0.0484375
12 0.7421875 0.7609375 0.065625 0.0453125
12 0.740625 0.7109375 0.06875 0.04375
18 0.7390625 0.6625 0.0671875 0.04375
21 0.740625 0.6125 0.065625 0.0453125
13 0.740625 0.5640625 0.0671875 0.046875
2 0.740625 0.5125 0.0671875 0.04375
2 0.740625 0.4625 0.0671875 0.0453125
11 0.740625 0.4125 0.0671875 0.040625
14 0.7421875 0.365625 0.0671875 0.0453125
30 0.740625 0.3140625 0.065625 0.04375
8 0.740625 0.265625 0.065625 0.04375
1 0.5171875 0.5515625 0.03125 0.028125
0 0.515625 0.58125 0.03125 0.028125
30 0.48125 0.3765625 0.0234375 0.0375
32 0.459375 0.378125 0.021875 0.0390625
6 0.4390625 0.38125 0.0171875 0.0359375
17 0.3546875 0.428125 0.0234375 0.0265625
6 0.3546875 0.45625 0.0234375 0.0265625
4 0.3546875 0.4859375 0.021875 0.0234375
16 0.3546875 0.5140625 0.021875 0.0234375
11 0.3546875 0.5421875 0.0234375 0.0234375
32 0.3765625 0.6140625 0.01875 0.034375
28 0.4171875 0.6171875 0.0171875 0.034375
30 0.396875 0.6171875 0.01875 0.0359375
29 0.2453125 0.665625 0.01875 0.021875
29 0.2453125 0.640625 0.0203125 0.0234375
29 0.2421875 0.69375 0.0125 0.03125
25 0.2453125 0.78125 0.0171875 0.021875
25 0.2421875 0.7515625 0.0125 0.0296875
25 0.2453125 0.7234375 0.015625 0.025
24 0.2640625 0.971875 0.0390625 0.0265625