15 0.140625 0.740625 0.0453125 0.06875
15 0.1921875 0.740625 0.046875 0.06875
18 0.240625 0.740625 0.046875 0.06875
21 0.290625 0.740625 0.0421875 0.06875
4 0.3390625 0.7390625 0.0453125 0.06875
4 0.3890625 0.740625 0.0453125 0.0703125
7 0.4375 0.740625 0.04375 0.0671875
10 0.4875 0.740625 0.0453125 0.0671875
8 0.5359375 0.7390625 0.0453125 0.06875
8 0.5859375 0.7390625 0.04375 0.065625
14 0.6359375 0.7390625 0.0421875 0.06875
14 0.684375 0.7390625 0.0453125 0.0703125
28 0.734375 0.7390625 0.046875 0.0703125
28 0.0625 0.696875 0.0453125 0.028125
28 0.0734375 0.665625 0.046875 0.028125
28 0.0796875 0.6328125 0.03125 0.0375
29 0.48125 0.55 0.03125 0.0296875
30 0.4484375 0.5484375 0.028125 0.0296875
30 0.4484375 0.515625 0.028125 0.0265625
32 0.48125 0.515625 0.025 0.028125
31 0.5125 0.5171875 0.028125 0.0296875
25 0.4171875 0.5140625 0.028125 0.0296875
27 0.415625 0.5484375 0.0265625 0.0296875
3 0.546875 0.5171875 0.028125 0.0296875
20 0.578125 0.5140625 0.0265625 0.0296875
31 0.621875 0.4828125 0.0375 0.0203125
33 0.378125 0.4578125 0.0359375 0.01875
31 0.3796875 0.4375 0.0375 0.01875
1 0.6640625 0.4828125 0.040625 0.01875
29 0.378125 0.48125 0.0359375 0.0203125
1 0.3828125 0.415625 0.0359375 0.0171875
22 0.34375 0.4171875 0.0328125 0.0171875
24 0.3453125 0.396875 0.034375 0.0171875
16 0.3484375 0.378125 0.034375 0.0171875
32 0.3828125 0.396875 0.034375 0.01875
30 0.3859375 0.378125 0.034375 0.01875
2 0.61875 0.4390625 0.0359375 0.0203125
1 0.6140625 0.41875 0.034375 0.0171875
24 0.6140625 0.4 0.0359375 0.01875
6 0.6109375 0.3796875 0.0359375 0.0171875
25 0.6625 0.459375 0.0390625 0.01875
15 0.659375 0.4375 0.0359375 0.01875
18 0.6546875 0.41875 0.0375 0.0171875
8 0.6515625 0.3984375 0.0375 0.0171875
33 0.65 0.378125 0.0328125 0.015625
18 0.6203125 0.4609375 0.0359375 0.01875
12 0.43125 0.35625 0.0234375 0.0234375
19 0.459375 0.3546875 0.0234375 0.021875
29 0.4875 0.35625 0.0234375 0.0234375
33 0.5140625 0.35625 0.0234375 0.0234375
32 0.5703125 0.3578125 0.028125 0.0234375
2 0.5421875 0.35625 0.0234375 0.021875
1 0.515625 0.33125 0.0234375 0.021875
5 0.5421875 0.33125 0.0234375 0.0234375
25 0.5703125 0.33125 0.0234375 0.0203125
22 0.8296875 0.334375 0.0328125 0.01875
22 0.825 0.31875 0.0359375 0.0140625
0 0.8125 0.28125 0.0328125 0.0140625
22 0.8234375 0.3 0.0234375 0.01875
0 0.8015625 0.246875 0.0328125 0.0109375
0 0.8109375 0.2640625 0.0234375 0.0171875
12 0.0296875 0.265625 0.0265625 0.0359375