15 0.740625 0.859375 0.06875 0.0453125
15 0.740625 0.8078125 0.06875 0.046875
18 0.740625 0.759375 0.06875 0.046875
21 0.740625 0.709375 0.06875 0.0421875
4 0.7390625 0.6609375 0.06875 0.0453125
4 0.740625 0.6109375 0.0703125 0.0453125
7 0.740625 0.5625 0.0671875 0.04375
10 0.740625 0.5125 0.0671875 0.0453125
8 0.7390625 0.4640625 0.06875 0.0453125
8 0.7390625 0.4140625 0.065625 0.04375
14 0.7390625 0.3640625 0.06875 0.0421875
14 0.7390625 0.315625 0.0703125 0.0453125
28 0.7390625 0.265625 0.0703125 0.046875
28 0.696875 0.9375 0.028125 0.0453125
28 0.665625 0.9265625 0.028125 0.046875
28 0.6328125 0.9203125 0.0375 0.03125
29 0.55 0.51875 0.0296875 0.03125
30 0.5484375 0.5515625 0.0296875 0.028125
30 0.515625 0.5515625 0.0265625 0.028125
32 0.515625 0.51875 0.028125 0.025
31 0.5171875 0.4875 0.0296875 0.028125
25 0.5140625 0.5828125 0.0296875 0.028125
27 0.5484375 0.584375 0.0296875 0.0265625
3 0.5171875 0.453125 0.0296875 0.028125
20 0.5140625 0.421875 0.0296875 0.0265625
31 0.4828125 0.378125 0.0203125 0.0375
33 0.4578125 0.621875 0.01875 0.0359375
31 0.4375 0.6203125 0.01875 0.0375
1 0.4828125 0.3359375 0.01875 0.040625
29 0.48125 0.621875 0.0203125 0.0359375
1 0.415625 0.6171875 0.0171875 0.0359375
22 0.4171875 0.65625 0.0171875 0.0328125
24 0.396875 0.6546875 0.0171875 0.034375
16 0.378125 0.6515625 0.0171875 0.034375
32 0.396875 0.6171875 0.01875 0.034375
30 0.378125 0.6140625 0.01875 0.034375
2 0.4390625 0.38125 0.0203125 0.0359375
1 0.41875 0.3859375 0.0171875 0.034375
24 0.4 0.3859375 0.01875 0.0359375
6 0.3796875 0.3890625 0.0171875 0.0359375
25 0.459375 0.3375 0.01875 0.0390625
15 0.4375 0.340625 0.01875 0.0359375
18 0.41875 0.3453125 0.0171875 0.0375
8 0.3984375 0.3484375 0.0171875 0.0375
33 0.378125 0.35 0.015625 0.0328125
18 0.4609375 0.3796875 0.01875 0.0359375
12 0.35625 0.56875 0.0234375 0.0234375
19 0.3546875 0.540625 0.021875 0.0234375
29 0.35625 0.5125 0.0234375 0.0234375
33 0.35625 0.4859375 0.0234375 0.0234375
32 0.3578125 0.4296875 0.0234375 0.028125
2 0.35625 0.4578125 0.021875 0.0234375
1 0.33125 0.484375 0.021875 0.0234375
5 0.33125 0.4578125 0.0234375 0.0234375
25 0.33125 0.4296875 0.0203125 0.0234375
22 0.334375 0.1703125 0.01875 0.0328125
22 0.31875 0.175 0.0140625 0.0359375
0 0.28125 0.1875 0.0140625 0.0328125
22 0.3 0.1765625 0.01875 0.0234375
0 0.246875 0.1984375 0.0109375 0.0328125
0 0.2640625 0.1890625 0.0171875 0.0234375
12 0.265625 0.9703125 0.0359375 0.0265625