24 0.934375 0.3 0.0484375 0.0296875
18 0.925 0.3296875 0.05 0.028125
21 0.921875 0.3625 0.0328125 0.0390625
30 0.9046875 0.396875 0.0453125 0.025
30 0.8984375 0.4265625 0.0359375 0.0359375
30 0.8859375 0.45625 0.040625 0.0234375
13 0.85625 0.259375 0.0484375 0.065625
5 0.80625 0.259375 0.0453125 0.0640625
8 0.7578125 0.259375 0.046875 0.0640625
20 0.7078125 0.259375 0.0453125 0.0640625
14 0.3984375 0.2609375 0.046875 0.028125
8 0.35625 0.2671875 0.0328125 0.0375
11 0.3203125 0.265625 0.0359375 0.040625
9 0.275 0.2609375 0.0484375 0.03125
12 0.2328125 0.2671875 0.034375 0.0375
15 0.1953125 0.265625 0.0328125 0.0375
31 0.1578125 0.265625 0.0359375 0.0359375
31 0.1203125 0.265625 0.0375 0.0375
31 0.075 0.2609375 0.0515625 0.0296875
33 0.5859375 0.4109375 0.0296875 0.0359375
21 0.5515625 0.4125 0.03125 0.0328125
9 0.5171875 0.4109375 0.03125 0.034375
20 0.58125 0.446875 0.0296875 0.0296875
28 0.58125 0.4796875 0.028125 0.0328125
26 0.5671875 0.6375 0.025 0.0265625
2 0.565625 0.665625 0.025 0.021875
2 0.5390625 0.640625 0.028125 0.0234375
28 0.5375 0.6640625 0.025 0.021875
0 0.5515625 0.4484375 0.03125 0.0296875
27 0.5484375 0.4796875 0.028125 0.0328125
24 0.5171875 0.446875 0.028125 0.0296875
0 0.484375 0.446875 0.0296875 0.03125
16 0.5171875 0.4796875 0.0296875 0.0296875
7 0.484375 0.48125 0.0296875 0.0296875
16 0.453125 0.446875 0.03125 0.03125
1 0.453125 0.4796875 0.0296875 0.0265625
1 0.415625 0.4453125 0.0359375 0.034375
32 0.41875 0.48125 0.0296875 0.028125
7 0.3328125 0.5125 0.0421875 0.025
32 0.3359375 0.5359375 0.040625 0.021875
2 0.2890625 0.5140625 0.040625 0.021875
6 0.375 0.5125 0.0421875 0.0234375
20 0.3765625 0.5359375 0.0390625 0.0203125
10 0.3796875 0.5578125 0.0390625 0.0203125
4 0.3390625 0.5578125 0.0359375 0.015625
32 0.5109375 0.6390625 0.01875 0.021875
1 0.5109375 0.6640625 0.021875 0.0203125
25 0.4828125 0.6390625 0.025 0.0265625
24 0.484375 0.665625 0.025 0.01875
8 0.453125 0.640625 0.0296875 0.0234375
22 0.45625 0.6640625 0.0265625 0.0203125
26 0.425 0.640625 0.028125 0.025
22 0.428125 0.6625 0.0265625 0.021875
7 0.4296875 0.6875 0.028125 0.0203125
15 0.38125 0.5765625 0.040625 0.01875
5 0.384375 0.5984375 0.0359375 0.015625
25 0.3859375 0.6171875 0.034375 0.015625
33 0.3421875 0.578125 0.040625 0.0171875
6 0.34375 0.5984375 0.04375 0.015625
31 0.346875 0.6171875 0.040625 0.0171875
23 0.96875 0.73125 0.025 0.0375