12 0.74375 0.7625 0.065625 0.0453125
6 0.74375 0.8609375 0.0625 0.046875
9 0.74375 0.8125 0.0671875 0.0453125
12 0.74375 0.7109375 0.065625 0.04375
18 0.74375 0.6625 0.0640625 0.04375
21 0.7421875 0.6140625 0.0640625 0.0453125
13 0.7453125 0.5625 0.0640625 0.040625
2 0.7453125 0.515625 0.065625 0.0421875
2 0.74375 0.4640625 0.065625 0.0421875
11 0.7453125 0.415625 0.065625 0.04375
14 0.74375 0.365625 0.06875 0.0453125
30 0.74375 0.315625 0.065625 0.040625
8 0.74375 0.2671875 0.0671875 0.046875
0 0.521875 0.584375 0.03125 0.028125
1 0.521875 0.553125 0.03125 0.0265625
30 0.4859375 0.378125 0.01875 0.0359375
32 0.4640625 0.38125 0.01875 0.0390625
6 0.4421875 0.38125 0.01875 0.034375
28 0.421875 0.61875 0.0171875 0.0328125
30 0.4015625 0.6171875 0.0171875 0.0375
32 0.3828125 0.615625 0.0171875 0.034375
11 0.3609375 0.54375 0.021875 0.0234375
17 0.359375 0.4296875 0.021875 0.0234375
6 0.3609375 0.459375 0.0234375 0.025
4 0.3609375 0.4875 0.0234375 0.0234375
16 0.3609375 0.5140625 0.0203125 0.021875
29 0.2515625 0.6671875 0.01875 0.0203125
29 0.25 0.64375 0.0171875 0.0203125
29 0.2484375 0.6953125 0.0140625 0.028125
25 0.25 0.7828125 0.015625 0.021875
25 0.2484375 0.753125 0.0140625 0.0296875
25 0.2515625 0.725 0.01875 0.021875
24 0.2703125 0.9734375 0.034375 0.025