5 0.278125 0.4046875 0.0734375 0.0484375
5 0.2515625 0.45625 0.071875 0.05
16 0.253125 0.353125 0.071875 0.05
13 0.2515625 0.3 0.0703125 0.046875
10 0.253125 0.25 0.071875 0.046875
10 0.253125 0.1984375 0.0734375 0.046875
7 0.2515625 0.1453125 0.071875 0.05
14 0.2578125 0.75625 0.0359375 0.05
8 0.2625 0.8 0.04375 0.0390625
11 0.2625 0.840625 0.04375 0.034375
23 0.2578125 0.8875 0.0328125 0.05
20 0.2625 0.9296875 0.0421875 0.040625
26 0.2625 0.9703125 0.0390625 0.0390625
2 0.41875 0.5390625 0.0328125 0.034375
2 0.4171875 0.4671875 0.0328125 0.0328125
1 0.65625 0.4515625 0.0203125 0.025
3 0.68125 0.453125 0.021875 0.025
0 0.7046875 0.453125 0.0203125 0.0234375
20 0.68125 0.48125 0.0203125 0.025
2 0.70625 0.48125 0.0234375 0.0234375
18 0.4171875 0.503125 0.034375 0.03125
12 0.415625 0.4296875 0.034375 0.03125
31 0.453125 0.434375 0.0375 0.0328125
33 0.4875 0.4359375 0.03125 0.0296875
3 0.453125 0.46875 0.0296875 0.0296875
27 0.4875 0.46875 0.0328125 0.0296875
27 0.453125 0.503125 0.0328125 0.0296875
28 0.453125 0.609375 0.034375 0.0328125
0 0.4875 0.5015625 0.03125 0.0296875
19 0.4546875 0.5375 0.03125 0.03125
25 0.4875 0.5359375 0.0296875 0.0328125
24 0.453125 0.5734375 0.034375 0.03125
1 0.4875 0.56875 0.0328125 0.0296875
1 0.4875 0.603125 0.03125 0.03125
4 0.521875 0.740625 0.021875 0.0453125
19 0.5234375 0.6515625 0.01875 0.040625
9 0.5234375 0.6953125 0.0203125 0.0421875
3 0.5453125 0.734375 0.0203125 0.0421875
32 0.5453125 0.6484375 0.021875 0.0390625
30 0.5453125 0.690625 0.0203125 0.040625
22 0.56875 0.6453125 0.01875 0.0390625
17 0.56875 0.6875 0.021875 0.0390625
20 0.56875 0.7296875 0.01875 0.0390625
32 0.5890625 0.64375 0.0203125 0.0390625
33 0.609375 0.6421875 0.01875 0.0375
31 0.63125 0.640625 0.01875 0.0359375
21 0.5890625 0.6859375 0.0203125 0.0390625
0 0.590625 0.7265625 0.01875 0.040625
19 0.6109375 0.68125 0.01875 0.0375
16 0.63125 0.6796875 0.0203125 0.0375
8 0.6109375 0.7234375 0.01875 0.040625
12 0.678125 0.871875 0.0203125 0.028125
9 0.7 0.859375 0.0171875 0.0359375
15 0.7171875 0.8546875 0.0140625 0.0359375
4 0.7359375 0.853125 0.01875 0.028125
1 0.7546875 0.84375 0.015625 0.034375
7 0.7703125 0.8390625 0.0140625 0.0328125
28 0.771875 0.2328125 0.0171875 0.0328125
28 0.7703125 0.2625 0.0203125 0.0203125
28 0.771875 0.2875 0.0171875 0.0234375
23 0.7515625 0.028125 0.0375 0.0265625
26 0.590625 0.315625 0.01875 0.0421875
24 0.590625 0.315625 0.0171875 0.0375
6 0.6125 0.3203125 0.015625 0.0375
29 0.63125 0.3234375 0.01875 0.0359375
31 0.521875 0.346875 0.01875 0.0390625
31 0.546875 0.35 0.01875 0.040625
13 0.571875 0.3546875 0.0203125 0.0390625
25 0.5921875 0.35625 0.015625 0.034375
26 0.6125 0.359375 0.015625 0.0359375
3 0.6328125 0.3625 0.0171875 0.034375
33 0.546875 0.39375 0.0203125 0.0375
20 0.56875 0.396875 0.01875 0.0375
32 0.590625 0.4 0.01875 0.0390625
26 0.6109375 0.4015625 0.01875 0.0390625
27 0.6328125 0.4046875 0.015625 0.040625
4 0.521875 0.3921875 0.021875 0.040625
6 0.65625 0.509375 0.0234375 0.0265625
23 0.6796875 0.5109375 0.0203125 0.0265625
32 0.70625 0.5078125 0.021875 0.0234375
25 0.65625 0.540625 0.0234375 0.0296875
30 0.68125 0.5375 0.021875 0.0265625
22 0.70625 0.5375 0.0234375 0.021875
30 0.65625 0.56875 0.01875 0.028125
0 0.68125 0.5671875 0.0234375 0.0265625
30 0.7046875 0.565625 0.021875 0.025
27 0.6546875 0.596875 0.0234375 0.0296875
7 0.68125 0.5953125 0.0203125 0.028125
25 0.7046875 0.5953125 0.021875 0.0296875
33 0.65625 0.48125 0.021875 0.03125