31 0.3859375 0.821875 0.015625 0.0328125
31 0.3671875 0.81875 0.015625 0.0328125
31 0.35 0.8125 0.0171875 0.03125
20 0.3328125 0.8078125 0.0140625 0.0328125
17 0.315625 0.8015625 0.015625 0.0328125
14 0.3 0.7984375 0.0125 0.03125
13 0.284375 0.79375 0.015625 0.03125
31 0.7390625 0.365625 0.071875 0.046875
31 0.7390625 0.365625 0.0734375 0.046875
3 0.2640625 0.971875 0.0359375 0.0265625
23 0.24375 0.7828125 0.01875 0.021875
23 0.240625 0.728125 0.0125 0.0296875
23 0.2453125 0.7578125 0.01875 0.0203125
4 0.6 0.909375 0.0234375 0.040625
4 0.56875 0.9046875 0.03125 0.03125
4 0.5390625 0.8921875 0.0203125 0.0390625
6 0.63125 0.925 0.0359375 0.0359375
3 0.6640625 0.93125 0.0265625 0.04375
9 0.6953125 0.940625 0.025 0.0453125
6 0.740625 0.8609375 0.06875 0.0453125
9 0.740625 0.8109375 0.0671875 0.046875
12 0.7390625 0.7625 0.0703125 0.046875
15 0.740625 0.7125 0.06875 0.0484375
15 0.740625 0.6625 0.065625 0.0453125
15 0.7390625 0.6125 0.0671875 0.04375
17 0.7390625 0.5625 0.06875 0.0453125
17 0.740625 0.5140625 0.0671875 0.04375
17 0.7390625 0.465625 0.0703125 0.04375
32 0.740625 0.4140625 0.071875 0.046875
29 0.740625 0.315625 0.071875 0.0453125
32 0.740625 0.265625 0.071875 0.0453125
1 0.5828125 0.5890625 0.0296875 0.028125
13 0.58125 0.55625 0.03125 0.028125
25 0.546875 0.5859375 0.0296875 0.0265625
20 0.546875 0.553125 0.028125 0.0265625
7 0.5484375 0.5203125 0.03125 0.028125
18 0.546875 0.4890625 0.028125 0.025
26 0.546875 0.4546875 0.03125 0.0265625
26 0.5484375 0.4203125 0.0296875 0.028125
5 0.5140625 0.584375 0.0296875 0.0265625
21 0.459375 0.3828125 0.01875 0.0359375
5 0.4375 0.38125 0.0203125 0.0359375
8 0.5140625 0.5203125 0.03125 0.028125
8 0.48125 0.378125 0.0203125 0.0375
7 0.4171875 0.6578125 0.01875 0.0328125
8 0.396875 0.65625 0.01875 0.034375
8 0.3546875 0.4859375 0.0234375 0.025
16 0.515625 0.553125 0.028125 0.0265625
19 0.515625 0.4875 0.03125 0.028125
3 0.4828125 0.6671875 0.0203125 0.0359375
1 0.459375 0.6640625 0.0171875 0.0375
19 0.4375 0.6609375 0.01875 0.0375
25 0.515625 0.4546875 0.03125 0.028125
25 0.353125 0.4296875 0.021875 0.0265625
27 0.515625 0.421875 0.03125 0.028125
27 0.3546875 0.5140625 0.0234375 0.0234375
1 0.48125 0.625 0.01875 0.0390625
30 0.4609375 0.625 0.021875 0.034375
30 0.4375 0.621875 0.015625 0.0328125
2 0.4171875 0.61875 0.01875 0.0328125
26 0.396875 0.6171875 0.01875 0.0359375
27 0.3765625 0.615625 0.015625 0.034375
3 0.48125 0.3359375 0.0171875 0.0359375
25 0.459375 0.3375 0.0203125 0.0390625
18 0.4375 0.3421875 0.0171875 0.0375
18 0.3296875 0.4859375 0.01875 0.0234375
32 0.4171875 0.3421875 0.01875 0.0359375
12 0.39375 0.3484375 0.0234375 0.0265625
11 0.4171875 0.3828125 0.01875 0.034375
11 0.3546875 0.5421875 0.0234375 0.0234375
10 0.3984375 0.3875 0.015625 0.034375
10 0.378125 0.3875 0.0171875 0.03125
0 0.3546875 0.4578125 0.021875 0.0265625
24 0.33125 0.43125 0.0234375 0.025
24 0.33125 0.459375 0.021875 0.0234375
12 0.33125 0.5140625 0.021875 0.0234375
32 0.3296875 0.540625 0.021875 0.021875
16 0.3546875 0.571875 0.025 0.0234375
6 0.3765625 0.6921875 0.01875 0.03125
24 0.3765625 0.653125 0.0171875 0.03125