6 0.1390625 0.7453125 0.0484375 0.0671875
9 0.1890625 0.7453125 0.046875 0.0671875
16 0.2875 0.7453125 0.0453125 0.0671875
10 0.2390625 0.74375 0.046875 0.065625
2 0.3359375 0.7453125 0.04375 0.065625
17 0.3875 0.7453125 0.0453125 0.0640625
28 0.4359375 0.7453125 0.046875 0.06875
28 0.4859375 0.7453125 0.0453125 0.0703125
29 0.5359375 0.7453125 0.0453125 0.0703125
27 0.5859375 0.7453125 0.046875 0.06875
33 0.8484375 0.740625 0.0484375 0.0296875
33 0.8921875 0.7359375 0.034375 0.0375
33 0.9296875 0.7359375 0.0328125 0.040625
31 0.4484375 0.5203125 0.028125 0.0296875
31 0.6234375 0.4875 0.0359375 0.0203125
31 0.3828125 0.4 0.034375 0.0171875
26 0.415625 0.5203125 0.025 0.0296875
32 0.384375 0.38125 0.034375 0.0171875
21 0.6203125 0.465625 0.040625 0.01875
26 0.61875 0.4421875 0.0375 0.01875
25 0.5140625 0.3578125 0.021875 0.0203125
20 0.54375 0.359375 0.021875 0.0234375
0 0.571875 0.359375 0.0234375 0.0234375
18 0.2171875 0.2484375 0.021875 0.01875
18 0.246875 0.2453125 0.028125 0.0125
18 0.275 0.2484375 0.0234375 0.01875
25 0.0265625 0.26875 0.025 0.034375