14 0.93125 0.36875 0.0359375 0.03125
17 0.934375 0.334375 0.040625 0.0265625
20 0.94375 0.303125 0.04375 0.028125
18 0.8640625 0.259375 0.0453125 0.06875
2 0.8140625 0.259375 0.046875 0.06875
5 0.7640625 0.259375 0.0453125 0.071875
5 0.7125 0.259375 0.04375 0.0703125
14 0.6640625 0.2578125 0.040625 0.06875
20 0.615625 0.2609375 0.0453125 0.0703125
23 0.565625 0.2609375 0.0421875 0.06875
33 0.515625 0.2578125 0.0453125 0.0703125
28 0.465625 0.259375 0.0484375 0.071875
29 0.4140625 0.2609375 0.0453125 0.0703125
13 0.975 0.7359375 0.025 0.0359375
28 0.6265625 0.5171875 0.0390625 0.0203125
10 0.5875 0.45 0.028125 0.03125
1 0.5859375 0.484375 0.0265625 0.028125
19 0.5515625 0.484375 0.0265625 0.034375
7 0.5203125 0.484375 0.0265625 0.03125
21 0.4875 0.484375 0.0296875 0.03125
9 0.4546875 0.4828125 0.028125 0.03125
21 0.421875 0.484375 0.028125 0.028125
25 0.6578125 0.603125 0.034375 0.01875
0 0.6265625 0.540625 0.0359375 0.021875
27 0.6234375 0.5625 0.034375 0.01875
30 0.621875 0.5828125 0.034375 0.01875
30 0.61875 0.603125 0.034375 0.0171875
1 0.6546875 0.6234375 0.034375 0.0171875
33 0.6171875 0.621875 0.034375 0.0171875
26 0.571875 0.6453125 0.0234375 0.0234375
0 0.5421875 0.6453125 0.0234375 0.021875
30 0.5140625 0.6453125 0.0234375 0.0234375
7 0.4859375 0.6453125 0.0234375 0.0234375
26 0.4296875 0.64375 0.025 0.0234375
14 0.459375 0.64375 0.0234375 0.0265625
6 0.459375 0.66875 0.0234375 0.0203125
32 0.4328125 0.66875 0.0265625 0.0203125
32 0.3796875 0.5171875 0.0375 0.021875
25 0.38125 0.540625 0.0359375 0.021875
1 0.3828125 0.5609375 0.0375 0.01875
27 0.3859375 0.5828125 0.0390625 0.0203125
4 0.3875 0.603125 0.0359375 0.0171875
7 0.3890625 0.621875 0.0375 0.01875
15 0.3421875 0.5609375 0.0390625 0.0203125
28 0.34375 0.5796875 0.0375 0.0203125
3 0.3359375 0.5171875 0.0390625 0.01875
32 0.3375 0.5390625 0.0390625 0.01875
8 0.1578125 0.2671875 0.0375 0.0390625
8 0.1140625 0.2625 0.0484375 0.028125
8 0.06875 0.2671875 0.0359375 0.040625
3 0.146875 0.609375 0.0265625 0.025
6 0.1578125 0.6296875 0.0375 0.015625
9 0.165625 0.6484375 0.0359375 0.0171875
10 0.165625 0.66875 0.0234375 0.0203125
13 0.1765625 0.6890625 0.034375 0.0140625
16 0.1828125 0.7046875 0.0359375 0.0140625
12 0.184375 0.721875 0.0265625 0.01875
12 0.1921875 0.7390625 0.034375 0.0140625
12 0.196875 0.7546875 0.03125 0.0125