2 0.7328125 0.03125 0.0359375 0.028125
12 0.259375 0.14375 0.06875 0.046875
29 0.26875 0.840625 0.0375 0.0375
29 0.26875 0.878125 0.0375 0.0375
29 0.2640625 0.9234375 0.028125 0.0484375
30 0.259375 0.5375 0.0671875 0.0453125
30 0.2578125 0.5859375 0.06875 0.0453125
15 0.259375 0.1921875 0.065625 0.0453125
19 0.259375 0.2421875 0.0671875 0.04375
19 0.259375 0.2890625 0.0671875 0.046875
19 0.2609375 0.3390625 0.0671875 0.0453125
8 0.2609375 0.3890625 0.0640625 0.04375
11 0.2609375 0.4375 0.0671875 0.0453125
14 0.259375 0.4875 0.065625 0.04375
17 0.4171875 0.5828125 0.03125 0.0328125
33 0.415625 0.5484375 0.0296875 0.03125
33 0.484375 0.5140625 0.028125 0.028125
8 0.415625 0.5140625 0.03125 0.0296875
21 0.4171875 0.48125 0.03125 0.0265625
26 0.484375 0.41875 0.0265625 0.0265625
0 0.484375 0.45 0.028125 0.0265625
6 0.484375 0.48125 0.028125 0.0265625
25 0.484375 0.546875 0.0296875 0.028125
22 0.4515625 0.5796875 0.03125 0.03125
0 0.4828125 0.578125 0.0296875 0.0265625
28 0.4515625 0.415625 0.0296875 0.0265625
7 0.4515625 0.4484375 0.0296875 0.028125
24 0.4515625 0.48125 0.0296875 0.0296875
21 0.4515625 0.5140625 0.028125 0.028125
6 0.45 0.5484375 0.028125 0.03125
10 0.4171875 0.4140625 0.0296875 0.028125
13 0.4171875 0.446875 0.03125 0.028125
31 0.515625 0.6234375 0.0203125 0.0390625
31 0.515625 0.665625 0.01875 0.0375
7 0.515625 0.7078125 0.01875 0.0390625
27 0.5390625 0.6203125 0.015625 0.034375
9 0.6421875 0.4328125 0.021875 0.0234375
27 0.6671875 0.4328125 0.0203125 0.021875
32 0.64375 0.4890625 0.021875 0.021875
31 0.6671875 0.4875 0.0203125 0.021875
27 0.6890625 0.4890625 0.0203125 0.0203125
22 0.5390625 0.6625 0.0203125 0.0390625
33 0.5390625 0.7 0.0171875 0.0328125
14 0.5609375 0.6171875 0.0171875 0.034375
24 0.559375 0.6984375 0.01875 0.0375
24 0.559375 0.6578125 0.01875 0.0359375
3 0.58125 0.6171875 0.0203125 0.0375
32 0.5796875 0.69375 0.01875 0.034375
21 0.6 0.6921875 0.01875 0.034375
5 0.58125 0.65625 0.01875 0.034375
4 0.6 0.6546875 0.015625 0.034375
32 0.6015625 0.6125 0.015625 0.03125
5 0.6203125 0.6140625 0.0171875 0.0328125
23 0.61875 0.65 0.0171875 0.03125
16 0.61875 0.6875 0.0140625 0.0328125
26 0.6421875 0.4609375 0.021875 0.0234375
2 0.6671875 0.4609375 0.0203125 0.0234375
13 0.6890625 0.4609375 0.01875 0.021875
23 0.6453125 0.515625 0.0203125 0.025
26 0.665625 0.515625 0.01875 0.0203125
3 0.6890625 0.515625 0.0203125 0.0234375
2 0.64375 0.54375 0.0234375 0.025
23 0.6671875 0.54375 0.0203125 0.0234375
25 0.6890625 0.5421875 0.0203125 0.021875
15 0.6421875 0.5703125 0.0203125 0.025
31 0.6671875 0.5703125 0.01875 0.021875
1 0.6890625 0.5671875 0.0171875 0.0203125
16 0.5171875 0.3765625 0.0171875 0.034375
24 0.5390625 0.3796875 0.0171875 0.0359375
21 0.5609375 0.38125 0.0171875 0.0328125
28 0.58125 0.3828125 0.0171875 0.034375
4 0.6015625 0.3859375 0.015625 0.03125
1 0.6203125 0.3875 0.015625 0.03125
5 0.5375 0.3375 0.025 0.025
15 0.5609375 0.340625 0.0171875 0.034375
12 0.58125 0.3421875 0.015625 0.03125
32 0.6015625 0.346875 0.0171875 0.0328125
18 0.621875 0.35 0.0171875 0.0328125
22 0.5609375 0.3 0.015625 0.034375
33 0.58125 0.303125 0.0171875 0.034375
10 0.603125 0.3078125 0.01875 0.0328125
7 0.6203125 0.309375 0.0171875 0.0328125
1 0.5390625 0.2953125 0.01875 0.0328125
25 0.5125 0.3328125 0.01875 0.0375