21 0.734375 0.025 0.0359375 0.0265625
33 0.621875 0.3828125 0.0171875 0.034375
2 0.64375 0.56875 0.021875 0.0265625
27 0.25625 0.1375 0.0703125 0.0453125
5 0.25625 0.1875 0.0671875 0.04375
17 0.25625 0.2359375 0.065625 0.0453125
14 0.25625 0.2859375 0.0671875 0.0453125
18 0.2578125 0.3359375 0.0671875 0.046875
6 0.2578125 0.3859375 0.065625 0.046875
6 0.2578125 0.4359375 0.06875 0.046875
9 0.25625 0.4875 0.0671875 0.0453125
4 0.2546875 0.534375 0.06875 0.04375
23 0.2578125 0.5859375 0.065625 0.0421875
26 0.2578125 0.634375 0.065625 0.040625
19 0.2578125 0.684375 0.06875 0.0453125
4 0.25625 0.734375 0.0703125 0.046875
27 0.2578125 0.8 0.0703125 0.0421875