6 0.7453125 0.8609375 0.0671875 0.0484375
9 0.7453125 0.8109375 0.0671875 0.046875
16 0.7453125 0.7125 0.0671875 0.0453125
10 0.74375 0.7609375 0.065625 0.046875
2 0.7453125 0.6640625 0.065625 0.04375
17 0.7453125 0.6125 0.0640625 0.0453125
28 0.7453125 0.5640625 0.06875 0.046875
28 0.7453125 0.5140625 0.0703125 0.0453125
29 0.7453125 0.4640625 0.0703125 0.0453125
27 0.7453125 0.4140625 0.06875 0.046875
33 0.740625 0.1515625 0.0296875 0.0484375
33 0.7359375 0.1078125 0.0375 0.034375
33 0.7359375 0.0703125 0.040625 0.0328125
31 0.5203125 0.5515625 0.0296875 0.028125
31 0.4875 0.3765625 0.0203125 0.0359375
31 0.4 0.6171875 0.0171875 0.034375
26 0.5203125 0.584375 0.0296875 0.025
32 0.38125 0.615625 0.0171875 0.034375
21 0.465625 0.3796875 0.01875 0.040625
26 0.4421875 0.38125 0.01875 0.0375
25 0.3578125 0.4859375 0.0203125 0.021875
20 0.359375 0.45625 0.0234375 0.021875
0 0.359375 0.428125 0.0234375 0.0234375
18 0.2484375 0.7828125 0.01875 0.021875
18 0.2453125 0.753125 0.0125 0.028125
18 0.2484375 0.725 0.01875 0.0234375
25 0.26875 0.9734375 0.034375 0.025