3 0.1375 0.74375 0.046875 0.0671875
6 0.1875 0.74375 0.04375 0.06875
9 0.2375 0.74375 0.0453125 0.0671875
16 0.2859375 0.74375 0.0421875 0.065625
2 0.3359375 0.74375 0.04375 0.0671875
17 0.3859375 0.74375 0.0453125 0.06875
28 0.4359375 0.74375 0.04375 0.0671875
28 0.4859375 0.74375 0.04375 0.065625
29 0.534375 0.74375 0.04375 0.0671875
27 0.584375 0.74375 0.0453125 0.06875
33 0.8453125 0.7390625 0.046875 0.0265625
33 0.890625 0.734375 0.0328125 0.0375
33 0.9296875 0.734375 0.0328125 0.0375
31 0.446875 0.5171875 0.028125 0.0265625
26 0.415625 0.51875 0.0265625 0.0296875
14 0.4796875 0.51875 0.0296875 0.03125
10 0.5140625 0.5203125 0.028125 0.0296875
31 0.61875 0.4859375 0.0359375 0.021875
21 0.6203125 0.4625 0.034375 0.0171875
26 0.6171875 0.440625 0.0359375 0.015625
2 0.615625 0.4203125 0.0359375 0.0171875
0 0.6125 0.4015625 0.0375 0.0171875
25 0.609375 0.38125 0.034375 0.0171875
0 0.56875 0.35625 0.021875 0.01875
20 0.5421875 0.35625 0.0234375 0.021875
11 0.4859375 0.3578125 0.0234375 0.021875
2 0.4296875 0.3578125 0.021875 0.0203125
26 0.378125 0.4390625 0.0375 0.01875
29 0.3796875 0.4203125 0.034375 0.0171875
31 0.38125 0.4 0.0359375 0.015625
32 0.384375 0.38125 0.0359375 0.015625
32 0.4578125 0.359375 0.021875 0.021875
25 0.5140625 0.3578125 0.0234375 0.0234375
8 0.8125 0.2828125 0.0328125 0.0140625
8 0.8078125 0.2671875 0.03125 0.0125
8 0.8046875 0.25 0.025 0.0171875
30 0.3578125 0.246875 0.0203125 0.0171875
30 0.33125 0.246875 0.0203125 0.015625
30 0.3046875 0.2453125 0.0296875 0.0125
18 0.275 0.246875 0.021875 0.0171875
18 0.246875 0.24375 0.0296875 0.0125
18 0.215625 0.246875 0.025 0.0171875
25 0.0265625 0.26875 0.0265625 0.0375