15 0.2625 0.15625 0.06875 0.04375
21 0.2609375 0.2046875 0.0703125 0.0453125
18 0.2625 0.253125 0.0671875 0.04375
21 0.2625 0.3015625 0.0625 0.04375
11 0.2625 0.35 0.0625 0.040625
14 0.2625 0.3984375 0.0625 0.0453125
17 0.2609375 0.446875 0.065625 0.04375
31 0.26875 0.684375 0.04375 0.034375
16 0.7296875 0.0453125 0.0328125 0.0265625
17 0.728125 0.075 0.03125 0.0234375
31 0.265625 0.728125 0.03125 0.046875
31 0.2703125 0.7703125 0.0375 0.034375
31 0.2703125 0.8078125 0.040625 0.0375
19 0.2640625 0.85 0.03125 0.046875
16 0.271875 0.890625 0.0375 0.0375
22 0.2703125 0.928125 0.040625 0.0375
22 0.5140625 0.7125 0.021875 0.0390625
21 0.5140625 0.66875 0.0203125 0.0375
26 0.5140625 0.6296875 0.0203125 0.0359375
33 0.5375 0.628125 0.0171875 0.0359375
28 0.5578125 0.625 0.0171875 0.0375
10 0.578125 0.621875 0.0171875 0.0359375
21 0.5984375 0.6203125 0.015625 0.0328125
3 0.6171875 0.61875 0.01875 0.034375
9 0.578125 0.6640625 0.0171875 0.0421875
5 0.6 0.6609375 0.0171875 0.0359375
23 0.61875 0.6578125 0.015625 0.0328125
20 0.5359375 0.709375 0.0203125 0.0375
3 0.5375 0.66875 0.01875 0.040625
32 0.5578125 0.6671875 0.0171875 0.0390625
12 0.559375 0.7078125 0.0171875 0.0375
27 0.7109375 0.8171875 0.01875 0.0328125
27 0.73125 0.815625 0.0171875 0.0265625
27 0.746875 0.8078125 0.0140625 0.0328125
21 0.640625 0.440625 0.0203125 0.025
27 0.6390625 0.4703125 0.021875 0.021875
19 0.640625 0.496875 0.0234375 0.025
33 0.6421875 0.5234375 0.01875 0.0234375
32 0.640625 0.5515625 0.01875 0.025
0 0.640625 0.5796875 0.0203125 0.0265625
25 0.665625 0.4421875 0.01875 0.025
8 0.6625 0.4703125 0.0203125 0.0203125
2 0.6640625 0.4984375 0.01875 0.028125
13 0.6640625 0.525 0.0203125 0.028125
9 0.6859375 0.5234375 0.0171875 0.025
26 0.6875 0.55 0.015625 0.021875
28 0.6625 0.578125 0.0203125 0.025
9 0.6875 0.5765625 0.01875 0.025
23 0.5171875 0.3875 0.021875 0.0390625
3 0.5375 0.390625 0.0203125 0.040625
30 0.559375 0.390625 0.01875 0.0375
15 0.5796875 0.39375 0.015625 0.0359375
29 0.5984375 0.3953125 0.0171875 0.0328125
28 0.6171875 0.3984375 0.01875 0.034375
30 0.415625 0.45625 0.03125 0.03125
28 0.45 0.4609375 0.03125 0.0296875
29 0.7484375 0.2640625 0.0203125 0.0203125
29 0.7484375 0.2890625 0.0203125 0.0203125
29 0.75 0.2359375 0.015625 0.025
14 0.5140625 0.34375 0.025 0.040625
24 0.5390625 0.346875 0.0140625 0.034375
0 0.5578125 0.3515625 0.0171875 0.034375
33 0.58125 0.3546875 0.0171875 0.040625
19 0.6 0.35625 0.015625 0.034375
33 0.61875 0.359375 0.0171875 0.034375
11 0.61875 0.321875 0.0171875 0.0328125
20 0.415625 0.4234375 0.0296875 0.028125
25 0.45 0.4265625 0.03125 0.0328125
14 0.4828125 0.4265625 0.028125 0.028125
0 0.484375 0.459375 0.028125 0.03125
20 0.4484375 0.490625 0.0328125 0.0296875
30 0.4828125 0.4890625 0.028125 0.028125
22 0.45 0.5234375 0.03125 0.0296875
2 0.48125 0.521875 0.03125 0.028125
8 0.45 0.5546875 0.028125 0.028125
13 0.48125 0.5546875 0.0296875 0.03125
0 0.4515625 0.5875 0.0296875 0.0328125
1 0.484375 0.584375 0.028125 0.03125