24 0.028125 0.265625 0.025 0.034375
6 0.140625 0.740625 0.04375 0.0640625
9 0.190625 0.740625 0.0453125 0.0625
12 0.240625 0.740625 0.04375 0.0640625
12 0.2890625 0.740625 0.0453125 0.065625
21 0.3390625 0.7390625 0.0453125 0.065625
2 0.3890625 0.740625 0.04375 0.0671875
2 0.4375 0.7390625 0.0453125 0.065625
8 0.4875 0.740625 0.046875 0.0625
11 0.5359375 0.7390625 0.046875 0.0640625
14 0.5859375 0.7390625 0.0421875 0.0640625
26 0.6515625 0.715625 0.04375 0.0703125
18 0.8390625 0.7296875 0.0359375 0.0375
18 0.8859375 0.7359375 0.04375 0.025
18 0.928125 0.73125 0.0328125 0.0390625
30 0.6203125 0.4828125 0.034375 0.01875
32 0.6203125 0.459375 0.0359375 0.0171875
6 0.61875 0.4375 0.0390625 0.0171875
16 0.6171875 0.4171875 0.0390625 0.015625
26 0.615625 0.3953125 0.0359375 0.0171875
0 0.4171875 0.5140625 0.0296875 0.0265625
1 0.45 0.5171875 0.0265625 0.028125
13 0.48125 0.515625 0.0234375 0.0265625
30 0.5140625 0.515625 0.028125 0.0265625
25 0.21875 0.2453125 0.0234375 0.0171875
25 0.2484375 0.240625 0.0265625 0.0109375
25 0.275 0.246875 0.0234375 0.01875
29 0.30625 0.2421875 0.03125 0.0140625
29 0.3328125 0.2453125 0.0234375 0.015625
29 0.3578125 0.2453125 0.021875 0.015625
17 0.571875 0.3546875 0.021875 0.021875
6 0.54375 0.35625 0.0234375 0.021875
4 0.5140625 0.3546875 0.025 0.021875
16 0.4859375 0.3546875 0.025 0.0234375
11 0.4578125 0.3546875 0.0234375 0.021875
28 0.43125 0.3546875 0.021875 0.0203125
27 0.378125 0.459375 0.0328125 0.01875
31 0.3796875 0.4390625 0.034375 0.01875
28 0.38125 0.4171875 0.0328125 0.0171875
30 0.3859375 0.396875 0.0296875 0.0171875
32 0.3859375 0.378125 0.0328125 0.01875