31 0.178125 0.3859375 0.0328125 0.015625
31 0.18125 0.3671875 0.0328125 0.015625
31 0.1875 0.35 0.03125 0.0171875
20 0.1921875 0.3328125 0.0328125 0.0140625
17 0.1984375 0.315625 0.0328125 0.015625
14 0.2015625 0.3 0.03125 0.0125
13 0.20625 0.284375 0.03125 0.015625
31 0.634375 0.7390625 0.046875 0.071875
31 0.634375 0.7390625 0.046875 0.0734375
3 0.028125 0.2640625 0.0265625 0.0359375
23 0.2171875 0.24375 0.021875 0.01875
23 0.271875 0.240625 0.0296875 0.0125
23 0.2421875 0.2453125 0.0203125 0.01875
4 0.090625 0.6 0.040625 0.0234375
4 0.0953125 0.56875 0.03125 0.03125
4 0.1078125 0.5390625 0.0390625 0.0203125
6 0.075 0.63125 0.0359375 0.0359375
3 0.06875 0.6640625 0.04375 0.0265625
9 0.059375 0.6953125 0.0453125 0.025
6 0.1390625 0.740625 0.0453125 0.06875
9 0.1890625 0.740625 0.046875 0.0671875
12 0.2375 0.7390625 0.046875 0.0703125
15 0.2875 0.740625 0.0484375 0.06875
15 0.3375 0.740625 0.0453125 0.065625
15 0.3875 0.7390625 0.04375 0.0671875
17 0.4375 0.7390625 0.0453125 0.06875
17 0.4859375 0.740625 0.04375 0.0671875
17 0.534375 0.7390625 0.04375 0.0703125
32 0.5859375 0.740625 0.046875 0.071875
29 0.684375 0.740625 0.0453125 0.071875
32 0.734375 0.740625 0.0453125 0.071875
1 0.4109375 0.5828125 0.028125 0.0296875
13 0.44375 0.58125 0.028125 0.03125
25 0.4140625 0.546875 0.0265625 0.0296875
20 0.446875 0.546875 0.0265625 0.028125
7 0.4796875 0.5484375 0.028125 0.03125
18 0.5109375 0.546875 0.025 0.028125
26 0.5453125 0.546875 0.0265625 0.03125
26 0.5796875 0.5484375 0.028125 0.0296875
5 0.415625 0.5140625 0.0265625 0.0296875
21 0.6171875 0.459375 0.0359375 0.01875
5 0.61875 0.4375 0.0359375 0.0203125
8 0.4796875 0.5140625 0.028125 0.03125
8 0.621875 0.48125 0.0375 0.0203125
7 0.3421875 0.4171875 0.0328125 0.01875
8 0.34375 0.396875 0.034375 0.01875
8 0.5140625 0.3546875 0.025 0.0234375
16 0.446875 0.515625 0.0265625 0.028125
19 0.5125 0.515625 0.028125 0.03125
3 0.3328125 0.4828125 0.0359375 0.0203125
1 0.3359375 0.459375 0.0375 0.0171875
19 0.3390625 0.4375 0.0375 0.01875
25 0.5453125 0.515625 0.028125 0.03125
25 0.5703125 0.353125 0.0265625 0.021875
27 0.578125 0.515625 0.028125 0.03125
27 0.4859375 0.3546875 0.0234375 0.0234375
1 0.375 0.48125 0.0390625 0.01875
30 0.375 0.4609375 0.034375 0.021875
30 0.378125 0.4375 0.0328125 0.015625
2 0.38125 0.4171875 0.0328125 0.01875
26 0.3828125 0.396875 0.0359375 0.01875
27 0.384375 0.3765625 0.034375 0.015625
3 0.6640625 0.48125 0.0359375 0.0171875
25 0.6625 0.459375 0.0390625 0.0203125
18 0.6578125 0.4375 0.0375 0.0171875
18 0.5140625 0.3296875 0.0234375 0.01875
32 0.6578125 0.4171875 0.0359375 0.01875
12 0.6515625 0.39375 0.0265625 0.0234375
11 0.6171875 0.4171875 0.034375 0.01875
11 0.4578125 0.3546875 0.0234375 0.0234375
10 0.6125 0.3984375 0.034375 0.015625
10 0.6125 0.378125 0.03125 0.0171875
0 0.5421875 0.3546875 0.0265625 0.021875
24 0.56875 0.33125 0.025 0.0234375
24 0.540625 0.33125 0.0234375 0.021875
12 0.4859375 0.33125 0.0234375 0.021875
32 0.459375 0.3296875 0.021875 0.021875
16 0.428125 0.3546875 0.0234375 0.025
6 0.3078125 0.3765625 0.03125 0.01875
24 0.346875 0.3765625 0.03125 0.0171875