0 0.1453125 0.7375 0.0453125 0.0671875
12 0.1953125 0.7375 0.0453125 0.06875
15 0.2453125 0.7375 0.04375 0.065625
18 0.2953125 0.7375 0.0453125 0.0671875
13 0.34375 0.7359375 0.0421875 0.06875
16 0.3921875 0.7359375 0.04375 0.0671875
19 0.440625 0.7375 0.04375 0.0703125
30 0.490625 0.7359375 0.04375 0.06875
32 0.5390625 0.7375 0.0453125 0.06875
31 0.5890625 0.7359375 0.04375 0.06875
28 0.8515625 0.734375 0.046875 0.03125
28 0.890625 0.728125 0.0375 0.04375
28 0.93125 0.7265625 0.0375 0.040625
29 0.815625 0.2796875 0.0375 0.0140625
29 0.8046875 0.2453125 0.034375 0.0140625
29 0.8140625 0.2625 0.025 0.0203125
24 0.4921875 0.353125 0.025 0.0203125
29 0.51875 0.353125 0.025 0.0234375
4 0.4171875 0.58125 0.03125 0.034375
4 0.51875 0.5453125 0.0296875 0.03125
4 0.51875 0.5453125 0.03125 0.0296875
23 0.4203125 0.5453125 0.0296875 0.03125
23 0.4203125 0.5140625 0.0296875 0.0296875
6 0.4515625 0.546875 0.03125 0.03125
6 0.453125 0.5140625 0.0296875 0.0296875
8 0.484375 0.546875 0.028125 0.0328125
24 0.4859375 0.5125 0.0296875 0.0265625
19 0.55 0.546875 0.028125 0.0296875
14 0.584375 0.546875 0.0265625 0.0328125
30 0.5828125 0.5125 0.0265625 0.0265625
20 0.5171875 0.5125 0.028125 0.0265625
10 0.55 0.5125 0.0265625 0.0265625
31 0.6265625 0.478125 0.0421875 0.0171875
22 0.66875 0.4796875 0.040625 0.0171875
33 0.6234375 0.4578125 0.0375 0.0203125
11 0.6640625 0.459375 0.0390625 0.01875
2 0.621875 0.4359375 0.040625 0.0171875
11 0.6609375 0.4375 0.0390625 0.0203125
27 0.61875 0.4171875 0.0375 0.0203125
27 0.659375 0.4171875 0.0390625 0.0203125
25 0.65625 0.396875 0.0359375 0.01875
27 0.653125 0.3765625 0.0375 0.01875
9 0.6171875 0.396875 0.0375 0.0171875
3 0.615625 0.378125 0.034375 0.01875
33 0.546875 0.353125 0.028125 0.021875
30 0.5734375 0.353125 0.0265625 0.021875
26 0.4328125 0.3515625 0.025 0.0203125
0 0.4625 0.3515625 0.0265625 0.021875
25 0.4359375 0.3296875 0.0265625 0.021875
14 0.4640625 0.3296875 0.025 0.021875
8 0.490625 0.3296875 0.025 0.021875
21 0.5171875 0.3296875 0.025 0.0203125
14 0.5453125 0.328125 0.0234375 0.021875
2 0.575 0.33125 0.0265625 0.021875
7 0.5453125 0.3078125 0.0234375 0.0203125
1 0.571875 0.3078125 0.0265625 0.0203125
3 0.3828125 0.45625 0.0375 0.0203125
27 0.384375 0.4359375 0.0359375 0.01875
0 0.3859375 0.415625 0.0390625 0.01875
20 0.3875 0.3953125 0.0359375 0.0171875
21 0.390625 0.3765625 0.034375 0.01875
15 0.3375 0.4859375 0.040625 0.025
10 0.3390625 0.4625 0.0296875 0.028125
22 0.3453125 0.4359375 0.0375 0.0203125
18 0.3453125 0.415625 0.034375 0.0171875
20 0.3484375 0.3953125 0.0359375 0.0171875
5 0.3515625 0.3765625 0.034375 0.0171875
6 0.3796875 0.4796875 0.0421875 0.025
10 0.3609375 0.2421875 0.034375 0.0171875
25 0.2234375 0.24375 0.021875 0.0203125
19 0.2484375 0.24375 0.0234375 0.0203125
22 0.2765625 0.240625 0.0296875 0.015625
13 0.3046875 0.24375 0.0203125 0.01875
7 0.33125 0.24375 0.0203125 0.0171875
31 0.034375 0.2640625 0.025 0.0359375