6 0.2578125 0.140625 0.06875 0.0453125
9 0.25625 0.1921875 0.0671875 0.05
7 0.25625 0.240625 0.0640625 0.0453125
7 0.2578125 0.290625 0.065625 0.0453125
7 0.259375 0.3390625 0.0640625 0.04375
10 0.2578125 0.3890625 0.0671875 0.04375
5 0.25625 0.4375 0.0671875 0.046875
8 0.259375 0.4875 0.0640625 0.04375
8 0.2578125 0.5359375 0.0671875 0.046875
33 0.259375 0.5859375 0.065625 0.0421875
33 0.2578125 0.634375 0.0640625 0.04375
29 0.2578125 0.684375 0.0640625 0.0421875
29 0.2578125 0.7328125 0.065625 0.04375
26 0.2578125 0.7984375 0.065625 0.0421875
0 0.48125 0.4171875 0.028125 0.025
26 0.48125 0.4484375 0.0296875 0.0265625
1 0.5140625 0.6234375 0.01875 0.040625
2 0.5375 0.6203125 0.021875 0.0375
25 0.559375 0.61875 0.01875 0.0359375
26 0.578125 0.6171875 0.01875 0.034375
26 0.6421875 0.43125 0.0234375 0.0234375
25 0.48125 0.4828125 0.025 0.028125
24 0.4828125 0.5125 0.0265625 0.028125
28 0.4828125 0.5453125 0.0296875 0.025
28 0.7546875 0.30625 0.0125 0.0296875
28 0.7515625 0.334375 0.0171875 0.021875
28 0.7515625 0.359375 0.0203125 0.0203125
27 0.75 0.8 0.0109375 0.0296875
27 0.715625 0.8125 0.0125 0.0328125
27 0.734375 0.8109375 0.0171875 0.0203125
30 0.7515625 0.21875 0.01875 0.0203125
30 0.7515625 0.2421875 0.015625 0.021875
30 0.7546875 0.2734375 0.0125 0.0265625
14 0.73125 0.0296875 0.034375 0.025
4 0.5125 0.375 0.0265625 0.025
3 0.5390625 0.378125 0.0203125 0.034375
1 0.559375 0.3796875 0.0171875 0.0328125
19 0.5796875 0.38125 0.01875 0.0359375
29 0.5984375 0.3828125 0.0171875 0.034375
31 0.61875 0.3859375 0.015625 0.0328125
20 0.64375 0.4609375 0.01875 0.021875
13 0.6421875 0.4875 0.0203125 0.021875
0 0.6421875 0.515625 0.021875 0.0234375
19 0.640625 0.54375 0.0234375 0.025
32 0.6421875 0.571875 0.021875 0.025
2 0.665625 0.56875 0.021875 0.021875
23 0.5984375 0.615625 0.015625 0.034375