0 0.259375 0.1421875 0.0671875 0.0484375
6 0.2578125 0.1921875 0.0640625 0.04375
6 0.2578125 0.240625 0.0671875 0.04375
9 0.2578125 0.2890625 0.0640625 0.05
10 0.2578125 0.3390625 0.0640625 0.046875
16 0.2578125 0.3875 0.065625 0.0421875
22 0.73125 0.0296875 0.0359375 0.0265625
5 0.259375 0.4375 0.0671875 0.0453125
8 0.259375 0.4859375 0.0671875 0.0453125
14 0.259375 0.5359375 0.0671875 0.0421875
23 0.2578125 0.5859375 0.06875 0.0453125
28 0.61875 0.3859375 0.0234375 0.0328125
28 0.259375 0.7328125 0.0671875 0.0453125
27 0.259375 0.7984375 0.071875 0.04375
26 0.2578125 0.634375 0.06875 0.0453125
31 0.259375 0.684375 0.0703125 0.04375