9 0.0625 0.7015625 0.0453125 0.03125
3 0.071875 0.66875 0.040625 0.0265625
6 0.0765625 0.634375 0.0328125 0.034375
4 0.0921875 0.603125 0.0421875 0.0234375
4 0.096875 0.571875 0.0328125 0.028125
4 0.1109375 0.5421875 0.0421875 0.0234375
1 0.3375 0.4625 0.0359375 0.0203125
1 0.3765625 0.4859375 0.0375 0.0203125
19 0.340625 0.4421875 0.0375 0.01875
3 0.0296875 0.26875 0.025 0.0328125
7 0.3421875 0.421875 0.034375 0.01875
8 0.346875 0.4015625 0.034375 0.015625
24 0.3484375 0.38125 0.0328125 0.015625
30 0.3765625 0.4625 0.0375 0.01875
30 0.38125 0.4421875 0.0359375 0.0203125
2 0.3828125 0.4203125 0.0359375 0.0171875
26 0.3859375 0.4 0.0328125 0.015625
27 0.3859375 0.38125 0.0359375 0.015625
5 0.4171875 0.51875 0.025 0.0265625
16 0.4484375 0.5171875 0.028125 0.0265625
8 0.4828125 0.51875 0.025 0.025
19 0.5140625 0.5171875 0.028125 0.0265625
25 0.5453125 0.5171875 0.025 0.0265625
27 0.5796875 0.51875 0.0265625 0.025
25 0.415625 0.5515625 0.028125 0.028125
20 0.4484375 0.5515625 0.0265625 0.028125
7 0.48125 0.55 0.028125 0.028125
18 0.5125 0.55 0.028125 0.0265625
26 0.546875 0.55 0.028125 0.028125
6 0.140625 0.74375 0.04375 0.0671875
9 0.190625 0.7421875 0.046875 0.065625
12 0.240625 0.7421875 0.046875 0.0671875
15 0.2890625 0.740625 0.04375 0.0703125
15 0.3390625 0.7421875 0.0421875 0.065625
15 0.3890625 0.74375 0.0421875 0.0640625
17 0.4375 0.7421875 0.0421875 0.0671875
17 0.4875 0.7421875 0.0453125 0.06875
17 0.5359375 0.74375 0.0421875 0.06875
32 0.5859375 0.7421875 0.0421875 0.0671875
31 0.6359375 0.7421875 0.04375 0.0671875
29 0.6828125 0.7421875 0.0453125 0.0671875
1 0.7328125 0.740625 0.0453125 0.0734375
26 0.7984375 0.7421875 0.0453125 0.0703125
8 0.621875 0.4859375 0.0375 0.021875
21 0.61875 0.4625 0.0359375 0.0203125
3 0.665625 0.4859375 0.0375 0.0203125
25 0.6625 0.4640625 0.0390625 0.0203125
18 0.659375 0.4421875 0.0359375 0.01875
5 0.61875 0.4421875 0.0359375 0.01875
11 0.615625 0.421875 0.034375 0.0171875
10 0.6125 0.4015625 0.0328125 0.015625
10 0.6125 0.3828125 0.034375 0.015625
32 0.65625 0.421875 0.03125 0.0171875
25 0.571875 0.3578125 0.025 0.0234375
16 0.4296875 0.3578125 0.021875 0.021875
11 0.459375 0.3578125 0.021875 0.021875
27 0.4890625 0.359375 0.0234375 0.021875
8 0.515625 0.359375 0.025 0.021875
18 0.5140625 0.334375 0.0234375 0.0203125
0 0.54375 0.359375 0.025 0.021875
26 0.5421875 0.334375 0.025 0.021875
24 0.5703125 0.3359375 0.021875 0.021875