14 0.071875 0.6359375 0.0328125 0.034375
17 0.0671875 0.6703125 0.0421875 0.025
20 0.0578125 0.7015625 0.04375 0.0265625
10 0.1375 0.74375 0.04375 0.065625
2 0.1875 0.7453125 0.0421875 0.065625
5 0.2390625 0.7453125 0.0421875 0.0640625
5 0.2875 0.746875 0.04375 0.0640625
14 0.3375 0.7453125 0.04375 0.0640625
20 0.3859375 0.7453125 0.0453125 0.0640625
23 0.4359375 0.74375 0.0453125 0.0640625
33 0.484375 0.74375 0.04375 0.0640625
28 0.5359375 0.746875 0.04375 0.0640625
29 0.5859375 0.74375 0.04375 0.065625
8 0.8421875 0.7359375 0.0375 0.0375
8 0.884375 0.740625 0.046875 0.025
8 0.93125 0.7359375 0.0296875 0.0375
1 0.4171875 0.51875 0.0265625 0.0296875
28 0.3734375 0.4859375 0.0390625 0.01875
0 0.375 0.4609375 0.0328125 0.01875
27 0.378125 0.440625 0.0375 0.0171875
30 0.3796875 0.4203125 0.0359375 0.0171875
30 0.3828125 0.4 0.0359375 0.01875
33 0.3828125 0.38125 0.034375 0.01875
1 0.3453125 0.38125 0.0328125 0.0171875
26 0.4296875 0.3578125 0.025 0.021875
0 0.4578125 0.3578125 0.021875 0.021875
30 0.4859375 0.3578125 0.021875 0.0234375
7 0.515625 0.3578125 0.0234375 0.0234375
14 0.5421875 0.3578125 0.0234375 0.021875
26 0.5703125 0.3578125 0.025 0.0234375
32 0.6234375 0.4859375 0.034375 0.021875
25 0.6203125 0.4625 0.0328125 0.0171875
1 0.6171875 0.4421875 0.034375 0.0171875
27 0.6140625 0.421875 0.034375 0.0171875
4 0.6140625 0.4 0.034375 0.015625
7 0.6125 0.38125 0.034375 0.0171875
3 0.6640625 0.4859375 0.0359375 0.01875
32 0.6609375 0.4640625 0.034375 0.01875
13 0.025 0.2671875 0.0265625 0.0359375
19 0.4484375 0.5203125 0.0265625 0.03125
7 0.48125 0.5203125 0.0265625 0.0296875
21 0.5125 0.51875 0.0265625 0.03125
9 0.5453125 0.51875 0.0265625 0.028125
12 0.80625 0.2625 0.034375 0.0125
12 0.803125 0.2484375 0.0296875 0.0140625
16 0.81875 0.2984375 0.0359375 0.015625
12 0.8171875 0.28125 0.021875 0.0171875
13 0.8234375 0.3171875 0.034375 0.0171875
6 0.8421875 0.371875 0.034375 0.015625
9 0.8359375 0.3546875 0.034375 0.0140625
10 0.834375 0.334375 0.0234375 0.0203125
3 0.853125 0.39375 0.021875 0.025