0 0.1421875 0.740625 0.0484375 0.0671875
6 0.1921875 0.7421875 0.04375 0.0640625
6 0.240625 0.7421875 0.04375 0.0671875
9 0.2890625 0.7421875 0.05 0.0640625
10 0.3390625 0.7421875 0.046875 0.0640625
16 0.3875 0.7421875 0.0421875 0.065625
22 0.0296875 0.26875 0.0265625 0.0359375
5 0.4375 0.740625 0.0453125 0.0671875
8 0.4859375 0.740625 0.0453125 0.0671875
14 0.5359375 0.740625 0.0421875 0.0671875
23 0.5859375 0.7421875 0.0453125 0.06875
28 0.3859375 0.38125 0.0328125 0.0234375
28 0.7328125 0.740625 0.0453125 0.0671875
27 0.7984375 0.740625 0.04375 0.071875
26 0.634375 0.7421875 0.0453125 0.06875
31 0.684375 0.740625 0.04375 0.0703125