12 0.80625 0.259375 0.046875 0.071875
6 0.8578125 0.2609375 0.046875 0.0703125
15 0.7578125 0.259375 0.0453125 0.0671875
21 0.7078125 0.2609375 0.0453125 0.06875
24 0.659375 0.259375 0.04375 0.065625
19 0.6109375 0.259375 0.0421875 0.0671875
19 0.5625 0.2578125 0.0421875 0.0671875
11 0.5109375 0.2578125 0.0453125 0.0671875
14 0.4625 0.2609375 0.04375 0.0640625
33 0.4125 0.2578125 0.0453125 0.06875
30 0.3640625 0.2578125 0.0453125 0.0703125
29 0.3140625 0.2578125 0.046875 0.0703125
29 0.265625 0.2578125 0.0421875 0.0703125
28 0.2 0.2578125 0.04375 0.065625
2 0.96875 0.7328125 0.025 0.0359375
28 0.6171875 0.5796875 0.0359375 0.0203125
4 0.6140625 0.6015625 0.0375 0.0203125
1 0.6125 0.6203125 0.034375 0.01875
26 0.58125 0.4828125 0.028125 0.03125
0 0.55 0.4828125 0.0265625 0.0265625
23 0.4828125 0.64375 0.025 0.0234375
2 0.4546875 0.6421875 0.025 0.025
31 0.3765625 0.515625 0.0390625 0.0203125
27 0.378125 0.5390625 0.0375 0.01875
14 0.3828125 0.5609375 0.0328125 0.01875
15 0.4265625 0.6421875 0.025 0.0234375