21 0.025 0.265625 0.0265625 0.0359375
33 0.3828125 0.378125 0.034375 0.0171875
2 0.56875 0.35625 0.0265625 0.021875
27 0.1375 0.74375 0.0453125 0.0703125
5 0.1875 0.74375 0.04375 0.0671875
17 0.2359375 0.74375 0.0453125 0.065625
14 0.2859375 0.74375 0.0453125 0.0671875
18 0.3359375 0.7421875 0.046875 0.0671875
6 0.3859375 0.7421875 0.046875 0.065625
6 0.4359375 0.7421875 0.046875 0.06875
9 0.4875 0.74375 0.0453125 0.0671875
4 0.534375 0.7453125 0.04375 0.06875
23 0.5859375 0.7421875 0.0421875 0.065625
26 0.634375 0.7421875 0.040625 0.065625
19 0.684375 0.7421875 0.0453125 0.06875
4 0.734375 0.74375 0.046875 0.0703125
27 0.8 0.7421875 0.0421875 0.0703125