2 0.03125 0.2671875 0.028125 0.0359375
12 0.14375 0.740625 0.046875 0.06875
29 0.840625 0.73125 0.0375 0.0375
29 0.878125 0.73125 0.0375 0.0375
29 0.9234375 0.7359375 0.0484375 0.028125
30 0.5375 0.740625 0.0453125 0.0671875
30 0.5859375 0.7421875 0.0453125 0.06875
15 0.1921875 0.740625 0.0453125 0.065625
19 0.2421875 0.740625 0.04375 0.0671875
19 0.2890625 0.740625 0.046875 0.0671875
19 0.3390625 0.7390625 0.0453125 0.0671875
8 0.3890625 0.7390625 0.04375 0.0640625
11 0.4375 0.7390625 0.0453125 0.0671875
14 0.4875 0.740625 0.04375 0.065625
17 0.5828125 0.5828125 0.0328125 0.03125
33 0.5484375 0.584375 0.03125 0.0296875
33 0.5140625 0.515625 0.028125 0.028125
8 0.5140625 0.584375 0.0296875 0.03125
21 0.48125 0.5828125 0.0265625 0.03125
26 0.41875 0.515625 0.0265625 0.0265625
0 0.45 0.515625 0.0265625 0.028125
6 0.48125 0.515625 0.0265625 0.028125
25 0.546875 0.515625 0.028125 0.0296875
22 0.5796875 0.5484375 0.03125 0.03125
0 0.578125 0.5171875 0.0265625 0.0296875
28 0.415625 0.5484375 0.0265625 0.0296875
7 0.4484375 0.5484375 0.028125 0.0296875
24 0.48125 0.5484375 0.0296875 0.0296875
21 0.5140625 0.5484375 0.028125 0.028125
6 0.5484375 0.55 0.03125 0.028125
10 0.4140625 0.5828125 0.028125 0.0296875
13 0.446875 0.5828125 0.028125 0.03125
31 0.6234375 0.484375 0.0390625 0.0203125
31 0.665625 0.484375 0.0375 0.01875
7 0.7078125 0.484375 0.0390625 0.01875
27 0.6203125 0.4609375 0.034375 0.015625
9 0.4328125 0.3578125 0.0234375 0.021875
27 0.4328125 0.3328125 0.021875 0.0203125
32 0.4890625 0.35625 0.021875 0.021875
31 0.4875 0.3328125 0.021875 0.0203125
27 0.4890625 0.3109375 0.0203125 0.0203125
22 0.6625 0.4609375 0.0390625 0.0203125
33 0.7 0.4609375 0.0328125 0.0171875
14 0.6171875 0.4390625 0.034375 0.0171875
24 0.6984375 0.440625 0.0375 0.01875
24 0.6578125 0.440625 0.0359375 0.01875
3 0.6171875 0.41875 0.0375 0.0203125
32 0.69375 0.4203125 0.034375 0.01875
21 0.6921875 0.4 0.034375 0.01875
5 0.65625 0.41875 0.034375 0.01875
4 0.6546875 0.4 0.034375 0.015625
32 0.6125 0.3984375 0.03125 0.015625
5 0.6140625 0.3796875 0.0328125 0.0171875
23 0.65 0.38125 0.03125 0.0171875
16 0.6875 0.38125 0.0328125 0.0140625
26 0.4609375 0.3578125 0.0234375 0.021875
2 0.4609375 0.3328125 0.0234375 0.0203125
13 0.4609375 0.3109375 0.021875 0.01875
23 0.515625 0.3546875 0.025 0.0203125
26 0.515625 0.334375 0.0203125 0.01875
3 0.515625 0.3109375 0.0234375 0.0203125
2 0.54375 0.35625 0.025 0.0234375
23 0.54375 0.3328125 0.0234375 0.0203125
25 0.5421875 0.3109375 0.021875 0.0203125
15 0.5703125 0.3578125 0.025 0.0203125
31 0.5703125 0.3328125 0.021875 0.01875
1 0.5671875 0.3109375 0.0203125 0.0171875
16 0.3765625 0.4828125 0.034375 0.0171875
24 0.3796875 0.4609375 0.0359375 0.0171875
21 0.38125 0.4390625 0.0328125 0.0171875
28 0.3828125 0.41875 0.034375 0.0171875
4 0.3859375 0.3984375 0.03125 0.015625
1 0.3875 0.3796875 0.03125 0.015625
5 0.3375 0.4625 0.025 0.025
15 0.340625 0.4390625 0.034375 0.0171875
12 0.3421875 0.41875 0.03125 0.015625
32 0.346875 0.3984375 0.0328125 0.0171875
18 0.35 0.378125 0.0328125 0.0171875
22 0.3 0.4390625 0.034375 0.015625
33 0.303125 0.41875 0.034375 0.0171875
10 0.3078125 0.396875 0.0328125 0.01875
7 0.309375 0.3796875 0.0328125 0.0171875
1 0.2953125 0.4609375 0.0328125 0.01875
25 0.3328125 0.4875 0.0375 0.01875