6 0.140625 0.7421875 0.0453125 0.06875
9 0.1921875 0.74375 0.05 0.0671875
7 0.240625 0.74375 0.0453125 0.0640625
7 0.290625 0.7421875 0.0453125 0.065625
7 0.3390625 0.740625 0.04375 0.0640625
10 0.3890625 0.7421875 0.04375 0.0671875
5 0.4375 0.74375 0.046875 0.0671875
8 0.4875 0.740625 0.04375 0.0640625
8 0.5359375 0.7421875 0.046875 0.0671875
33 0.5859375 0.740625 0.0421875 0.065625
33 0.634375 0.7421875 0.04375 0.0640625
29 0.684375 0.7421875 0.0421875 0.0640625
29 0.7328125 0.7421875 0.04375 0.065625
26 0.7984375 0.7421875 0.0421875 0.065625
0 0.4171875 0.51875 0.025 0.028125
26 0.4484375 0.51875 0.0265625 0.0296875
1 0.6234375 0.4859375 0.040625 0.01875
2 0.6203125 0.4625 0.0375 0.021875
25 0.61875 0.440625 0.0359375 0.01875
26 0.6171875 0.421875 0.034375 0.01875
26 0.43125 0.3578125 0.0234375 0.0234375
25 0.4828125 0.51875 0.028125 0.025
24 0.5125 0.5171875 0.028125 0.0265625
28 0.5453125 0.5171875 0.025 0.0296875
28 0.30625 0.2453125 0.0296875 0.0125
28 0.334375 0.2484375 0.021875 0.0171875
28 0.359375 0.2484375 0.0203125 0.0203125
27 0.8 0.25 0.0296875 0.0109375
27 0.8125 0.284375 0.0328125 0.0125
27 0.8109375 0.265625 0.0203125 0.0171875
30 0.21875 0.2484375 0.0203125 0.01875
30 0.2421875 0.2484375 0.021875 0.015625
30 0.2734375 0.2453125 0.0265625 0.0125
14 0.0296875 0.26875 0.025 0.034375
4 0.375 0.4875 0.025 0.0265625
3 0.378125 0.4609375 0.034375 0.0203125
1 0.3796875 0.440625 0.0328125 0.0171875
19 0.38125 0.4203125 0.0359375 0.01875
29 0.3828125 0.4015625 0.034375 0.0171875
31 0.3859375 0.38125 0.0328125 0.015625
20 0.4609375 0.35625 0.021875 0.01875
13 0.4875 0.3578125 0.021875 0.0203125
0 0.515625 0.3578125 0.0234375 0.021875
19 0.54375 0.359375 0.025 0.0234375
32 0.571875 0.3578125 0.025 0.021875
2 0.56875 0.334375 0.021875 0.021875
23 0.615625 0.4015625 0.034375 0.015625