13 0.2609375 0.35625 0.06875 0.0453125
30 0.73125 0.0328125 0.0375 0.0234375
11 0.7328125 0.0625 0.0375 0.0265625
33 0.753125 0.221875 0.01875 0.021875
33 0.753125 0.246875 0.015625 0.0203125
33 0.7546875 0.278125 0.0125 0.0296875
4 0.2609375 0.1453125 0.06875 0.04375
22 0.2609375 0.19375 0.06875 0.0453125
23 0.2609375 0.2421875 0.065625 0.04375
23 0.259375 0.2921875 0.065625 0.0453125
8 0.2703125 0.5578125 0.040625 0.034375
8 0.2703125 0.5953125 0.040625 0.0328125
8 0.2703125 0.63125 0.040625 0.034375
8 0.265625 0.675 0.028125 0.046875
31 0.265625 0.7234375 0.028125 0.0453125
31 0.2703125 0.765625 0.0375 0.034375
31 0.2703125 0.803125 0.0375 0.0296875
18 0.265625 0.846875 0.028125 0.0453125
18 0.2703125 0.890625 0.0375 0.0390625
18 0.271875 0.9265625 0.0375 0.034375
19 0.4171875 0.515625 0.0296875 0.03125
14 0.4171875 0.4828125 0.03125 0.028125
28 0.4171875 0.446875 0.03125 0.0265625
17 0.4171875 0.415625 0.03125 0.0296875
10 0.4515625 0.4171875 0.028125 0.028125
0 0.4828125 0.4203125 0.0296875 0.028125
3 0.484375 0.453125 0.028125 0.028125
21 0.484375 0.4859375 0.0265625 0.028125
14 0.484375 0.51875 0.028125 0.0296875
25 0.484375 0.55 0.028125 0.0296875
32 0.484375 0.58125 0.028125 0.028125
20 0.4515625 0.45 0.028125 0.0265625
10 0.453125 0.4828125 0.0296875 0.028125
9 0.4515625 0.5171875 0.0296875 0.03125
19 0.45 0.55 0.0328125 0.03125
16 0.4515625 0.5828125 0.0296875 0.028125
1 0.515625 0.6234375 0.021875 0.0375
1 0.515625 0.665625 0.0234375 0.040625
33 0.515625 0.70625 0.0203125 0.040625
26 0.5390625 0.621875 0.0203125 0.0375
27 0.540625 0.6625 0.01875 0.0390625
21 0.5390625 0.7015625 0.0171875 0.0359375
5 0.559375 0.6171875 0.01875 0.0375
25 0.5609375 0.6578125 0.01875 0.0359375
29 0.58125 0.615625 0.01875 0.0359375
3 0.58125 0.65625 0.01875 0.0375
29 0.6015625 0.653125 0.015625 0.0359375
27 0.6 0.6140625 0.0171875 0.034375
30 0.61875 0.6140625 0.01875 0.034375
9 0.621875 0.6515625 0.0171875 0.0328125
30 0.5171875 0.3359375 0.01875 0.0375
5 0.5390625 0.340625 0.01875 0.0359375
11 0.559375 0.3421875 0.015625 0.034375
25 0.5171875 0.378125 0.015625 0.034375
3 0.5390625 0.38125 0.01875 0.0359375
32 0.5609375 0.38125 0.01875 0.0328125
28 0.58125 0.384375 0.015625 0.0328125
27 0.6015625 0.3875 0.01875 0.0359375
5 0.6421875 0.54375 0.0234375 0.0265625
28 0.6671875 0.54375 0.0203125 0.0234375
28 0.64375 0.571875 0.0203125 0.0234375
7 0.58125 0.3453125 0.0171875 0.0359375
7 0.6015625 0.346875 0.015625 0.0359375
21 0.6203125 0.3125 0.0171875 0.0328125
1 0.6203125 0.35 0.015625 0.03125
31 0.665625 0.5703125 0.0203125 0.0234375
2 0.6890625 0.56875 0.0203125 0.0234375
23 0.64375 0.515625 0.0234375 0.025
10 0.6671875 0.515625 0.01875 0.0234375
2 0.6890625 0.515625 0.01875 0.0234375
32 0.6890625 0.5421875 0.0203125 0.0234375
12 0.6421875 0.4328125 0.0203125 0.021875
21 0.665625 0.434375 0.0203125 0.021875
7 0.64375 0.4609375 0.0234375 0.0234375
10 0.6671875 0.4609375 0.0203125 0.0203125
24 0.6421875 0.4890625 0.0234375 0.0234375
2 0.6671875 0.4890625 0.01875 0.0203125
9 0.6203125 0.3875 0.0171875 0.0328125