6 0.1390625 0.7421875 0.0453125 0.06875
9 0.190625 0.74375 0.046875 0.06875
12 0.2390625 0.74375 0.0453125 0.0703125
12 0.2890625 0.7421875 0.0421875 0.0671875
2 0.3375 0.7421875 0.04375 0.0640625
2 0.3875 0.74375 0.04375 0.065625
11 0.4375 0.740625 0.0421875 0.0640625
14 0.4859375 0.7421875 0.0421875 0.06875
14 0.534375 0.7421875 0.0421875 0.065625
24 0.5859375 0.71875 0.04375 0.065625
18 0.840625 0.7328125 0.0328125 0.0390625
18 0.8859375 0.7359375 0.0453125 0.028125
18 0.9296875 0.73125 0.028125 0.0359375
33 0.4125 0.55 0.0265625 0.028125
30 0.5125 0.5171875 0.028125 0.03125
8 0.446875 0.55 0.0296875 0.03125
21 0.4796875 0.55 0.028125 0.03125
0 0.4171875 0.515625 0.0265625 0.0265625
1 0.4484375 0.515625 0.0265625 0.0234375
13 0.48125 0.5171875 0.0265625 0.0265625
26 0.546875 0.5171875 0.0265625 0.028125
27 0.578125 0.51875 0.028125 0.0296875
30 0.621875 0.4859375 0.0375 0.021875
32 0.6203125 0.4609375 0.0375 0.0171875
6 0.6171875 0.4390625 0.0375 0.01875
16 0.615625 0.41875 0.034375 0.0171875
26 0.6140625 0.396875 0.0328125 0.0140625
9 0.6125 0.378125 0.03125 0.015625
9 0.6671875 0.4828125 0.0359375 0.0203125
15 0.6625 0.4609375 0.0359375 0.01875
13 0.6578125 0.4390625 0.0375 0.0171875
33 0.6546875 0.41875 0.0328125 0.015625
33 0.375 0.484375 0.0359375 0.0203125
27 0.3765625 0.4609375 0.034375 0.015625
31 0.378125 0.4390625 0.034375 0.01875
32 0.3421875 0.4203125 0.0359375 0.01875
30 0.3828125 0.3984375 0.034375 0.01875
32 0.3859375 0.3796875 0.0328125 0.015625
11 0.4578125 0.3578125 0.0234375 0.021875
32 0.459375 0.3328125 0.0234375 0.01875
28 0.38125 0.41875 0.03125 0.0171875
1 0.3453125 0.3984375 0.0359375 0.015625
28 0.3453125 0.38125 0.0359375 0.01875
28 0.4296875 0.35625 0.0234375 0.021875
17 0.571875 0.3546875 0.0234375 0.0203125
5 0.56875 0.3328125 0.0234375 0.0203125
6 0.5421875 0.35625 0.0234375 0.021875
15 0.5421875 0.3328125 0.025 0.021875
4 0.5140625 0.35625 0.0234375 0.0203125
3 0.5140625 0.3328125 0.021875 0.0203125
16 0.4859375 0.35625 0.021875 0.021875
9 0.4875 0.3328125 0.0203125 0.0203125
25 0.2171875 0.246875 0.0234375 0.015625
25 0.246875 0.24375 0.028125 0.0125
25 0.275 0.246875 0.021875 0.015625
29 0.3015625 0.2578125 0.028125 0.0109375
29 0.3046875 0.24375 0.0265625 0.0109375
29 0.3328125 0.246875 0.0203125 0.01875
29 0.3578125 0.246875 0.01875 0.015625