14 0.4375 0.7421875 0.04375 0.0671875
14 0.3859375 0.7453125 0.046875 0.0703125
11 0.3375 0.74375 0.04375 0.06875
11 0.2875 0.74375 0.046875 0.06875
12 0.2375 0.74375 0.046875 0.0703125
12 0.1875 0.74375 0.04375 0.0703125
9 0.1390625 0.74375 0.0453125 0.06875
2 0.7234375 0.7390625 0.0484375 0.028125
2 0.765625 0.734375 0.034375 0.0375
2 0.803125 0.734375 0.0328125 0.0375
18 0.8421875 0.7328125 0.028125 0.0375
18 0.8859375 0.7390625 0.0484375 0.028125
18 0.928125 0.7328125 0.0296875 0.0375
24 0.0265625 0.26875 0.025 0.0375
0 0.05625 0.2671875 0.0265625 0.0375
25 0.2171875 0.2484375 0.0234375 0.01875
25 0.246875 0.2453125 0.0296875 0.0140625
25 0.275 0.246875 0.021875 0.0171875
29 0.3015625 0.2609375 0.03125 0.0125
29 0.3046875 0.2453125 0.028125 0.0125
29 0.3578125 0.246875 0.0234375 0.015625
29 0.3328125 0.2484375 0.025 0.0171875
31 0.3078125 0.38125 0.0328125 0.0171875
33 0.375 0.484375 0.0375 0.021875
3 0.3328125 0.484375 0.0375 0.021875
22 0.334375 0.4625 0.0375 0.0203125
22 0.3375 0.440625 0.034375 0.01875
27 0.3765625 0.4625 0.0375 0.01875
31 0.378125 0.4390625 0.0359375 0.0171875
32 0.3421875 0.4203125 0.0359375 0.01875
28 0.38125 0.4203125 0.0375 0.0203125
30 0.384375 0.3984375 0.034375 0.015625
32 0.3859375 0.38125 0.0359375 0.01875
1 0.34375 0.4015625 0.0359375 0.015625
28 0.3453125 0.38125 0.0359375 0.015625
0 0.415625 0.51875 0.028125 0.03125
27 0.4453125 0.5875 0.028125 0.034375
27 0.578125 0.51875 0.03125 0.03125
6 0.5796875 0.5515625 0.0296875 0.03125
21 0.546875 0.5515625 0.0296875 0.03125
24 0.5125 0.5515625 0.0296875 0.0296875
3 0.4109375 0.5859375 0.028125 0.0328125
33 0.4140625 0.5515625 0.028125 0.028125
1 0.4484375 0.51875 0.028125 0.028125
13 0.48125 0.51875 0.03125 0.0296875
30 0.5140625 0.51875 0.028125 0.0296875
26 0.5453125 0.51875 0.028125 0.028125
8 0.4453125 0.5515625 0.028125 0.0296875
21 0.4796875 0.5515625 0.0265625 0.03125
28 0.4296875 0.359375 0.0234375 0.025
3 0.4328125 0.334375 0.025 0.021875
11 0.4578125 0.3578125 0.0234375 0.0234375
32 0.4609375 0.334375 0.021875 0.0234375
16 0.4859375 0.359375 0.021875 0.021875
9 0.4859375 0.334375 0.0234375 0.0203125
4 0.5140625 0.3578125 0.0234375 0.0234375
3 0.515625 0.334375 0.0234375 0.01875
19 0.5140625 0.3109375 0.0234375 0.0234375
6 0.5421875 0.3578125 0.0234375 0.021875
15 0.540625 0.3359375 0.021875 0.0203125
5 0.540625 0.3109375 0.021875 0.01875
17 0.5703125 0.3578125 0.0234375 0.021875
5 0.5703125 0.334375 0.0234375 0.021875
26 0.5671875 0.3109375 0.021875 0.0203125
30 0.6203125 0.4859375 0.0390625 0.01875
32 0.61875 0.4625 0.0390625 0.0203125
6 0.61875 0.440625 0.0390625 0.01875
16 0.6140625 0.4203125 0.034375 0.0171875
26 0.6140625 0.4 0.0328125 0.015625
9 0.6109375 0.3796875 0.0328125 0.0171875
15 0.6609375 0.4625 0.0390625 0.01875
13 0.6578125 0.440625 0.0375 0.01875
33 0.6546875 0.4203125 0.0328125 0.0171875
21 0.653125 0.4015625 0.0359375 0.0171875
11 0.65 0.38125 0.0328125 0.015625
17 0.70625 0.4859375 0.0375 0.0203125
17 0.7015625 0.4625 0.0390625 0.0203125
7 0.6984375 0.4421875 0.0359375 0.01875
9 0.665625 0.4859375 0.0375 0.0203125